100
0 150 0 0 458 0 256 0 0 0 0 713 0 0 0 0 0 678 0 0 36 596 0 0 0 645 0 597 0 156 0 0 0 0 0 0 0 0 0 0 598 0 0 481 0 619 0 603 0 0 0 0 0 541 0 39 0 0 0 0 0 0 0 0 0 0 315 0 0 0 0 0 0 0 0 0 0 0 0 906 0 0 0 0 0 0 0 667 0 575 0 0 867 502 224 0 0 0 0 0
0 0 0 0 458 0 0 654 0 0 0 0 614 133 0 0 369 0 0 0 36 0 836 363 0 0 0 0 0 0 846 215 0 0 0 0 0 0 0 0 598 0 0 0 0 0 0 603 0 0 0 0 0 0 0 0 882 0 0 864 0 0 0 0 0 660 0 0 0 0 0 0 777 0 16 0 0 0 0 0 0 0 72 0 0 0 0 667 0 575 692 0 867 0 0 0 0 0 0 0
0 0 0 0 458 0 0 0 473 0 0 0 0 0 0 0 0 0 0 0 0 0 0 0 0 645 0 0 0 156 846 0 0 0 51 0 0 0 0 0 598 0 0 0 466 0 450 0 0 995 407 0 870 541 0 0 0 0 0 864 0 0 0 28 0 0 0 0 0 0 482 0 0 0 0 0 0 0 0 906 0 0 0 578 580 0 0 0 0 0 0 91 0 0 224 0 0 0 0 0
0 0 0 273 0 0 256 0 0 0 273 713 0 0 0 966 369 678 0 242 0 0 0 363 0 0 959 597 0 156 0 215 0 618 0 0 0 0 519 0 0 0 0 0 466 0 0 0 0 995 0 0 0 0 0 0 0 0 0 864 0 0 0 0 0 0 0 0 0 0 0 0 0 0 0 0 236 0 0 0 0 0 0 0 0 994 0 0 0 0 0 0 0 0 0 0 0 0 0 283
0 0 0 0 458 223 256 0 0 0 0 713 0 0 0 966 369 678 0 242 36 0 0 0 0 0 0 0 0 0 846 0 670 618 0 0 0 0 519 0 0 796 0 0 0 0 0 603 0 995 0 0 0 0 0 0 0 0 0 0 0 0 0 0 0 0 0 0 779 0 0 417 0 0 16 0 0 0 296 906 853 0 0 0 0 0 336 667 0 0 0 0 0 502 224 0 0 0 673 0
639 0 602 0 458 0 0 0 473 0 0 0 0 0 0 966 369 0 0 0 0 0 0 363 0 0 0 597 0 0 0 0 0 0 51 0 0 861 0 0 0 0 0 0 0 0 0 0 0 0 407 0 0 0 0 0 0 0 0 864 0 926 209 0 0 0 0 0 0 340 482 417 0 0 0 0 0 0 296 0 0 0 72 0 0 0 0 0 0 0 0 0 0 0 0 0 0 0 0 0
0 150 602 0 458 0 0 0 0 0 273 0 0 133 0 966 0 678 846 0 0 0 836 363 0 0 0 597 511 0 846 0 0 0 51 949 0 861 519 0 0 796 0 0 0 0 0 0 6 0 0 0 0 0 0 0 0 0 0 0 0 0 0 0 0 0 0 0 0 0 482 0 777 0 0 0 0 0 296 0 0 0 0 578 0 0 0 0 939 0 0 91 0 0 0 0 886 0 0 0
0 0 0 0 0 0 256 654 473 0 0 0 0 0 0 0 0 0 0 0 0 0 0 0 0 645 0 0 0 0 0 0 0 0 51 0 0 0 0 0 0 0 0 0 0 619 450 0 0 0 0 0 0 0 0 39 0 723 0 864 0 0 0 0 0 0 315 0 0 340 0 0 0 0 0 0 0 0 0 0 0 0 0 0 580 0 336 0 0 0 0 0 0 0 0 0 0 0 673 0
0 0 0 0 458 0 0 654 0 0 273 0 0 133 0 0 0 0 0 0 0 0 0 0 0 0 0 0 0 156 846 0 670 618 0 0 583 0 0 0 0 0 0 0 466 0 450 0 6 0 407 0 0 0 882 0 0 0 0 0 0 0 0 0 0 0 0 0 0 0 0 0 0 0 16 0 0 0 0 0 0 463 0 578 0 0 0 0 0 0 0 0 0 0 0 0 0 496 0 0
0 0 0 0 0 0 256 0 473 0 0 0 614 133 0 0 0 0 0 0 0 0 0 0 0 0 0 0 0 156 0 0 0 0 51 0 0 0 0 0 0 0 0 0 0 0 0 0 0 995 0 119 0 541 0 39 882 0 0 0 0 926 0 0 0 0 0 0 0 0 0 0 0 0 0 643 236 0 0 906 0 0 0 578 0 0 0 0 0 575 692 91 0 502 0 413 0 0 0 0
0 0 0 0 0 0 0 0 0 0 273 0 0 0 0 0 0 0 0 0 0 596 0 363 333 0 0 0 0 156 0 0 0 0 0 0 0 0 519 267 0 796 0 0 466 0 0 0 0 0 0 0 0 0 882 0 0 723 0 0 501 0 209 0 316 660 0 0 0 0 0 0 777 0 0 0 0 0 0 906 0 0 0 578 580 0 0 667 0 0 0 0 0 0 0 0 0 0 0 0
0 150 0 0 0 223 0 0 0 0 0 0 614 0 0 0 0 678 846 0 0 596 0 0 0 645 0 0 511 0 846 0 0 0 0 0 0 0 0 0 0 0 0 0 0 0 0 0 0 0 407 119 0 0 0 39 882 723 0 864 0 0 0 28 0 0 0 0 0 0 482 417 0 0 0 0 0 0 0 0 0 463 0 0 580 0 0 667 0 0 692 91 0 502 0 0 0 496 0 0
0 0 0 0 0 0 0 0 473 162 0 0 0 0 71 966 0 678 0 0 0 0 0 0 0 0 0 0 0 156 0 0 0 0 0 949 0 0 0 0 0 0 0 0 0 0 0 0 0 0 0 0 0 0 0 0 0 723 0 0 0 0 0 0 0 0 0 0 0 0 0 0 0 486 0 643 0 0 296 0 0 0 0 0 0 0 0 0 939 575 0 0 0 0 0 0 886 0 673 0
0 0 0 0 0 0 0 0 0 0 0 0 0 0 71 0 0 0 0 0 0 0 0 363 333 0 0 0 0 0 0 0 0 618 0 0 0 861 0 267 598 0 0 0 466 0 0 0 0 0 0 0 0 0 0 0 0 0 770 0 0 926 0 0 0 0 0 0 0 0 0 0 0 0 16 0 0 0 0 0 0 0 0 0 0 0 0 0 0 0 0 0 0 0 0 0 886 0 0 0
639 0 0 273 0 0 0 654 0 0 0 0 0 0 0 0 0 0 846 0 0 0 0 0 0 645 0 0 0 0 0 0 0 0 0 949 583 0 519 0 0 0 0 0 0 0 450 603 0 0 0 0 0 0 882 0 0 0 0 864 0 926 209 0 0 0 0 0 0 0 0 417 777 0 16 643 0 747 296 906 0 0 72 0 0 994 0 667 0 575 692 0 0 0 0 0 0 0 673 283
0 0 0 0 458 0 0 0 0 0 0 713 0 0 0 0 0 0 846 0 0 596 0 0 0 0 0 597 0 0 846 0 670 0 51 0 583 0 0 0 0 0 0 0 0 0 0 0 0 0 0 0 0 541 0 0 0 723 0 0 0 0 0 0 0 0 0 0 0 0 0 0 0 486 0 0 236 0 296 0 0 0 0 0 0 994 0 667 939 0 0 0 867 0 0 0 0 0 0 0
639 0 0 0 0 0 256 0 473 0 0 0 0 0 71 966 0 0 0 0 0 596 0 0 0 0 0 0 0 0 0 0 0 0 0 0 0 861 519 0 0 0 690 0 0 0 0 0 0 0 0 0 0 0 0 0 0 0 0 0 0 0 0 0 0 0 0 945 0 0 0 417 777 0 0 0 236 0 0 0 0 463 72 578 0 0 0 0 0 0 0 0 0 0 0 413 0 0 0 0
639 0 602 273 0 0 0 0 0 0 0 0 0 0 0 0 0 0 0 0 0 596 0 0 333 0 959 597 511 0 0 0 0 0 0 949 0 0 0 267 0 0 690 0 466 0 0 0 0 0 0 119 870 0 0 0 0 0 770 0 0 0 0 0 0 0 0 0 0 0 0 0 0 486 0 643 0 0 296 0 0 0 72 0 0 0 336 0 0 575 0 0 867 0 0 0 0 0 0 283
0 150 0 273 0 0 0 0 0 162 0 0 0 133 0 0 0 678 0 242 0 596 0 363 0 0 0 0 0 156 0 0 0 0 0 0 0 0 0 267 0 0 0 481 466 0 0 603 0 0 0 0 0 0 0 0 0 0 0 0 0 0 209 0 316 0 315 0 779 0 0 417 777 0 0 0 0 0 0 906 0 0 72 0 0 994 336 667 0 0 0 91 867 0 0 0 0 496 0 0
639 0 602 0 0 0 0 0 0 0 273 0 614 0 0 0 0 678 0 0 36 0 0 363 0 645 0 0 0 156 846 0 0 0 51 0 0 0 0 0 598 0 0 481 0 0 0 0 0 995 0 0 0 0 0 39 0 0 0 864 0 0 0 28 0 0 315 0 0 0 482 417 0 0 0 643 0 0 0 0 0 0 0 0 0 0 0 0 0 0 0 0 0 0 0 0 0 0 673 0
0 0 602 273 0 0 0 0 0 0 0 0 614 0 71 0 0 0 0 0 0 0 0 363 0 0 0 0 0 156 0 215 0 0 0 0 0 0 0 0 0 0 690 0 466 0 0 0 0 0 0 119 0 0 0 0 0 723 0 864 0 0 0 0 0 660 0 0 0 340 0 0 0 0 16 0 0 747 0 0 0 0 0 0 0 0 0 0 0 0 0 0 867 0 0 0 0 0 673 283
0 0 0 0 0 0 256 654 0 0 0 0 0 0 0 0 0 0 0 0 0 0 0 363 0 0 0 0 511 0 0 0 670 618 0 0 0 0 0 0 0 0 0 0 0 0 0 0 0 995 0 0 0 0 0 0 0 0 770 0 0 0 0 0 316 0 0 0 0 340 482 0 777 486 0 0 236 0 0 0 0 0 72 578 0 0 0 0 0 0 0 0 0 0 0 0 0 0 0 0
0 0 602 273 0 0 0 0 0 0 0 713 614 133 71 0 0 0 846 242 0 0 0 0 0 645 0 0 511 0 0 0 0 0 0 0 0 0 0 0 0 0 0 0 466 0 0 0 6 0 0 0 0 0 0 0 0 0 0 864 0 0 0 0 0 660 0 0 0 0 482 0 0 0 0 0 0 747 296 0 0 0 0 0 580 994 0 0 0 0 692 0 867 0 0 0 886 0 673 0
0 0 0 0 0 0 256 0 0 0 0 0 0 0 0 0 369 0 846 0 0 0 836 363 0 645 0 597 511 0 0 0 0 618 0 949 583 0 0 0 0 796 0 481 0 619 0 0 0 0 0 0 0 0 0 0 882 0 0 864 0 0 0 0 0 0 0 945 0 0 0 0 777 0 0 0 0 0 0 0 0 0 0 0 0 0 336 0 0 0 0 0 0 502 0 413 0 0 0 0
0 0 0 0 458 0 0 0 0 0 0 0 0 0 0 0 0 0 846 242 0 0 0 0 333 645 0 0 0 0 0 0 670 0 0 0 0 0 0 267 0 796 0 0 0 0 0 0 0 0 0 0 870 0 0 0 0 0 0 0 0 926 0 0 0 0 0 0 0 0 482 0 0 0 0 0 0 0 0 0 0 0 0 578 580 994 336 0 0 575 0 0 867 0 224 0 0 0 0 0
0 0 0 0 0 0 0 0 473 0 0 0 0 0 0 966 0 0 0 0 0 0 0 0 0 0 0 0 0 0 0 0 0 0 0 0 583 0 519 0 0 0 0 0 466 0 0 0 0 0 407 119 870 541 0 0 882 723 0 0 0 0 209 0 0 0 0 0 0 0 0 0 0 0 0 0 236 0 296 0 0 0 0 0 0 0 0 0 0 0 0 0 0 502 0 0 0 0 0 0
0 0 602 0 0 0 0 654 0 0 0 0 0 0 0 0 0 0 0 0 0 0 0 0 0 0 0 0 0 0 0 215 0 0 0 0 583 0 519 267 0 0 0 0 466 0 0 0 0 0 0 0 0 0 882 0 0 0 0 0 0 926 0 0 316 0 0 0 0 0 482 0 0 0 0 0 0 0 0 0 0 0 0 0 0 0 0 667 0 0 0 0 867 0 0 0 0 0 673 0
0 0 0 0 0 0 256 654 0 0 273 713 0 0 0 0 0 678 0 0 36 0 0 363 0 645 0 0 0 0 0 215 670 0 0 0 0 861 0 0 0 0 0 0 0 619 0 0 0 0 0 0 0 0 0 0 0 0 0 0 0 0 0 0 0 660 0 0 0 0 0 0 0 0 0 0 236 747 0 0 853 0 0 0 0 994 0 0 939 0 692 0 0 0 224 0 0 496 0 283
0 150 0 273 0 0 0 654 0 0 0 0 614 0 0 0 0 0 0 0 0 0 836 363 0 0 0 0 0 0 0 0 0 618 51 0 0 0 0 0 0 0 0 0 0 0 0 0 6 995 0 119 0 0 0 0 882 0 770 0 0 926 0 0 316 660 0 945 0 0 482 0 0 0 0 643 0 0 0 0 0 0 72 578 580 0 0 0 0 0 0 0 0 0 224 0 0 496 0 0
0 0 0 0 458 0 0 654 0 0 0 0 614 133 0 0 0 0 846 0 0 0 0 0 333 0 0 0 0 0 0 0 0 0 0 949 0 0 0 267 598 0 0 0 0 0 450 0 0 0 407 0 0 0 0 0 0 0 0 0 0 0 209 28 0 0 0 0 0 0 0 417 777 0 0 0 0 0 0 0 0 0 0 0 0 994 0 667 0 0 0 0 867 502 224 0 0 0 0 0
0 0 0 0 458 0 0 654 0 0 0 713 0 0 71 0 0 0 846 0 36 596 0 0 0 0 0 0 0 0 0 0 670 0 0 949 0 0 519 0 0 0 0 0 0 0 0 0 0 0 0 0 0 0 0 0 0 0 0 0 0 0 0 0 0 0 0 0 779 0 0 0 0 0 0 0 0 747 0 0 0 0 0 0 0 0 336 0 0 0 0 0 867 0 224 0 0 0 0 0
0 150 602 0 0 0 0 0 0 0 0 0 0 0 0 0 369 0 0 0 0 0 0 0 0 0 0 0 0 0 846 0 0 0 0 0 0 0 0 0 598 0 0 0 466 0 0 0 0 0 0 0 0 0 0 39 882 0 0 0 0 0 0 0 0 0 0 0 779 0 0 0 0 0 0 0 0 0 0 0 0 0 0 578 0 0 0 0 0 0 0 0 0 502 0 0 886 496 0 283
0 0 0 273 0 223 0 0 473 162 0 0 0 0 71 0 0 0 0 0 0 0 0 0 333 0 0 0 0 0 0 0 0 0 51 0 0 0 0 267 0 0 0 481 0 619 0 603 6 0 0 0 0 0 0 0 0 0 0 0 0 0 0 28 0 0 0 0 0 340 0 0 0 0 0 0 0 0 0 0 0 0 0 0 0 994 0 0 0 0 0 0 0 0 0 0 0 0 0 0
0 0 0 0 0 0 256 0 0 0 0 713 0 0 0 0 369 0 0 242 0 0 836 363 0 645 0 0 0 0 0 215 0 0 51 0 0 0 0 0 0 0 0 0 0 0 0 0 6 0 0 0 0 0 0 0 882 0 0 0 0 926 209 28 0 0 0 0 0 0 0 0 0 0 0 0 0 0 0 0 0 0 0 0 0 994 0 0 0 0 692 0 0 502 0 0 0 0 0 283
0 0 0 0 458 223 0 0 0 0 0 0 0 0 71 0 0 0 0 242 0 0 0 0 0 0 0 0 0 0 0 215 0 0 0 0 0 0 519 0 0 0 0 481 466 0 0 0 0 0 0 0 0 541 0 0 0 0 770 0 0 926 0 0 0 0 315 0 779 0 0 0 0 0 0 643 0 0 0 0 0 0 0 0 0 0 0 0 0 0 692 91 0 0 0 413 0 0 0 0
639 0 0 0 0 0 0 0 0 162 0 0 0 0 71 0 0 678 0 0 36 0 0 0 0 0 0 0 0 0 0 0 0 0 51 949 0 0 519 0 0 0 0 0 0 0 0 0 0 995 0 119 0 541 0 0 0 0 0 0 501 0 0 0 316 0 0 945 0 0 0 417 0 486 0 0 0 0 0 906 0 0 0 0 0 0 0 0 0 0 0 91 867 0 0 0 0 0 673 283
0 150 0 0 0 223 0 0 0 0 273 0 0 0 0 0 0 678 0 0 36 0 0 0 0 0 0 0 511 0 846 0 0 0 51 949 0 0 519 0 0 0 690 0 0 0 0 0 0 0 0 0 0 541 0 0 0 0 770 0 0 0 0 28 316 660 0 0 0 0 0 0 0 0 0 0 0 747 0 906 0 0 0 0 580 0 0 0 0 575 0 91 0 0 0 0 0 0 0 0
0 0 0 0 0 0 0 0 0 0 0 0 0 133 0 0 0 0 0 0 0 0 0 0 0 0 0 597 511 156 0 0 0 0 0 0 0 861 0 0 0 0 0 0 0 0 0 603 0 995 0 0 0 0 882 0 0 0 0 864 0 0 0 0 0 660 0 0 779 0 0 417 0 0 0 0 0 0 0 0 0 463 0 0 0 0 336 0 0 0 0 91 0 0 0 0 0 0 673 0
0 0 602 0 0 0 256 0 0 162 0 0 0 133 0 0 369 678 0 0 0 0 0 0 0 0 959 597 0 0 0 0 0 0 0 0 0 0 0 0 0 0 690 0 466 0 0 0 0 0 0 119 0 0 0 0 0 723 0 0 501 926 0 0 0 0 0 0 779 0 0 0 0 0 0 0 236 0 0 906 0 0 0 0 0 0 0 0 0 0 0 91 0 0 0 0 886 0 0 0
0 150 0 273 0 0 0 0 0 0 273 0 614 133 0 966 369 0 846 0 0 0 0 0 333 0 0 0 0 0 0 0 670 0 0 0 0 0 0 0 0 0 690 0 0 619 450 603 0 0 0 0 0 541 0 0 0 723 0 864 501 0 0 28 316 0 0 0 0 340 0 0 777 0 16 0 0 0 0 906 853 0 0 0 0 0 336 0 0 0 692 0 867 0 224 0 0 496 0 0
0 0 0 0 0 0 0 0 0 162 0 0 0 133 0 966 0 678 0 0 0 0 0 363 0 645 0 597 511 0 0 0 0 0 0 0 583 0 0 0 0 796 690 481 0 619 0 0 0 995 0 0 870 0 0 0 0 0 0 0 0 926 0 0 0 0 0 0 0 0 0 0 0 0 16 643 0 0 0 0 0 0 0 0 580 0 336 0 0 0 0 0 0 502 0 0 0 496 0 283
0 0 602 0 0 223 0 654 473 162 273 0 0 0 0 0 0 678 0 0 0 0 0 363 0 645 0 597 0 0 0 0 0 0 0 0 0 0 0 0 0 0 0 0 0 619 450 0 0 0 0 119 0 0 0 0 0 723 770 0 0 0 0 0 316 0 0 0 0 0 0 417 0 0 0 643 0 0 0 0 0 0 72 0 0 0 0 0 939 0 692 0 867 502 224 0 0 0 0 0
0 150 0 0 0 223 0 0 473 0 0 713 614 0 71 0 0 0 0 0 0 0 836 0 0 645 0 0 0 0 846 0 0 0 0 949 0 0 519 0 0 796 0 0 466 0 450 0 0 0 0 119 0 0 0 39 0 723 0 864 0 926 0 0 0 0 0 945 0 340 0 417 0 486 0 0 0 747 296 906 0 0 0 0 0 994 0 0 0 0 0 0 867 0 0 0 0 0 673 0
0 150 0 273 0 0 256 0 473 162 0 0 0 0 0 0 0 0 0 0 0 0 0 0 333 0 0 0 0 0 0 0 0 0 0 949 583 0 0 0 0 796 690 481 0 619 0 0 0 0 0 0 0 0 0 0 0 0 0 0 501 0 0 28 0 0 0 945 0 0 482 0 0 0 0 643 0 747 296 0 0 0 0 0 0 994 336 0 0 0 0 0 867 502 224 413 0 496 0 0
0 0 602 0 0 0 0 0 0 162 273 713 0 0 71 0 0 0 0 0 0 596 836 0 0 645 0 0 0 0 0 0 670 618 0 0 0 0 0 0 598 0 0 0 466 0 0 0 0 0 407 119 0 0 882 0 0 0 0 0 0 0 0 0 0 0 0 945 0 0 482 417 777 0 0 0 0 0 0 0 0 0 72 0 0 0 0 0 0 575 0 91 867 0 0 0 0 0 0 0
0 0 0 0 0 0 256 0 0 0 0 0 0 0 0 966 0 678 0 0 0 0 0 0 0 0 959 0 0 0 0 0 0 0 0 949 0 0 0 0 0 0 0 0 0 619 0 0 0 0 0 0 0 0 882 39 0 0 0 864 0 926 0 0 0 0 0 0 0 0 0 0 0 0 16 0 0 0 0 0 0 0 0 0 0 0 0 0 939 0 0 0 0 502 0 0 886 0 0 0
639 0 0 0 0 0 0 654 0 0 0 0 0 0 0 966 0 0 0 242 0 596 836 0 0 0 0 0 0 156 0 0 0 0 0 0 0 0 0 0 0 0 0 0 0 619 0 0 6 0 0 0 0 541 0 0 0 0 0 0 0 0 209 28 0 0 315 0 0 0 0 0 0 486 0 643 0 0 0 0 0 463 72 0 0 0 0 0 939 0 0 0 0 0 0 0 0 496 673 283
0 0 0 273 0 0 0 0 0 0 0 713 0 0 0 0 369 0 0 0 0 596 836 0 0 0 0 0 0 0 0 0 0 0 0 0 0 861 0 0 0 0 690 0 0 0 0 0 6 0 0 0 0 541 0 0 0 723 770 0 0 0 209 0 316 0 0 0 0 0 0 0 0 0 0 0 0 0 296 0 0 0 0 578 0 994 0 0 939 0 0 91 0 0 224 0 0 496 0 0
0 150 0 0 0 0 0 0 473 0 0 713 0 0 0 0 0 0 0 242 0 0 0 0 0 0 0 0 0 156 0 0 670 618 0 0 0 861 0 0 0 796 0 0 0 0 0 0 0 995 0 0 0 0 0 0 0 0 0 0 0 0 0 28 316 0 0 0 0 0 0 417 777 0 0 0 0 0 0 0 853 463 0 0 0 0 0 0 939 0 0 0 0 0 0 0 0 0 0 283
639 0 0 0 0 223 0 0 0 0 0 0 0 0 71 0 0 0 0 0 36 0 0 363 0 645 0 0 0 0 846 0 0 0 0 0 0 0 0 0 0 0 0 0 0 0 0 0 0 0 0 0 0 0 0 0 0 0 0 0 0 0 0 0 0 0 0 0 0 0 482 0 0 0 0 0 0 0 0 0 0 0 72 578 580 994 0 0 939 0 0 0 0 0 0 0 0 0 0 283
0 0 0 273 458 0 0 0 473 0 273 0 0 0 71 0 369 0 0 242 36 0 0 0 0 0 959 0 0 0 0 215 670 618 0 0 0 0 0 0 598 0 0 0 0 0 0 0 0 0 407 0 870 0 882 0 0 0 0 0 0 0 0 0 0 0 0 0 779 0 0 0 0 0 0 0 0 0 0 906 0 0 0 0 580 0 0 667 0 0 0 0 0 0 0 0 0 0 0 0
0 150 602 273 0 223 0 0 0 0 0 0 0 133 0 966 0 0 0 0 0 0 0 0 0 0 0 0 0 0 846 0 0 618 0 0 583 0 0 0 598 0 0 0 0 0 0 0 0 995 0 0 0 541 0 0 882 0 770 864 0 926 0 0 0 0 0 0 0 0 0 0 0 0 0 0 0 0 0 0 0 0 0 0 0 0 0 667 0 575 692 91 0 502 0 0 886 0 0 0
639 0 602 0 0 0 0 0 0 0 0 0 0 133 0 0 0 0 0 0 0 0 0 363 0 0 0 0 0 156 0 0 0 618 0 0 0 0 0 0 598 0 0 481 0 0 0 603 0 0 407 119 0 541 0 39 0 723 0 0 0 926 0 0 0 0 0 0 0 0 0 0 0 0 0 0 0 747 0 0 0 0 0 578 0 0 0 667 0 575 0 0 0 0 0 0 0 496 0 0
0 0 0 273 0 0 0 654 0 0 0 0 0 0 0 0 0 0 0 0 0 0 0 363 333 0 0 0 0 156 0 0 0 0 0 0 0 861 0 0 0 796 0 0 0 0 0 0 0 0 0 0 0 0 0 39 0 723 0 0 0 0 0 0 316 0 0 0 0 0 0 417 0 0 0 0 0 747 296 0 0 463 0 0 0 0 0 0 939 0 692 0 0 0 0 0 0 0 673 283
0 0 0 273 0 0 256 0 473 0 273 0 0 0 0 966 0 0 0 0 36 0 0 0 0 645 0 597 0 0 0 0 0 618 0 0 0 861 519 0 598 0 0 481 466 0 0 0 0 995 0 119 0 0 0 0 0 0 0 0 0 0 209 0 0 660 0 0 0 0 0 417 0 0 16 643 236 0 0 0 0 0 0 0 580 994 0 0 0 0 0 91 867 0 224 0 0 0 673 0
639 0 0 0 0 0 0 0 473 0 0 713 0 0 0 966 369 678 0 242 0 0 0 363 0 0 0 0 0 156 0 0 0 0 0 0 0 861 0 267 0 0 0 0 0 0 0 0 6 0 0 0 0 0 882 39 882 0 0 0 0 0 209 28 316 0 0 0 0 0 0 0 777 0 16 643 236 0 296 0 0 463 72 0 0 994 0 0 0 0 0 0 867 0 0 413 886 0 0 283
0 150 0 0 0 0 256 0 473 0 0 0 0 0 71 0 0 0 0 242 36 0 0 363 0 0 959 0 0 0 0 215 0 618 0 0 583 0 0 0 0 796 0 481 0 0 450 0 0 995 0 0 870 0 0 0 882 723 0 0 501 0 0 28 0 0 0 0 0 340 0 0 0 0 16 0 0 747 0 0 0 0 0 0 0 0 0 667 0 0 0 0 0 0 0 0 886 496 0 0
0 0 0 0 0 0 0 0 473 0 0 713 0 0 0 966 0 678 0 242 0 0 836 0 0 645 0 0 0 0 0 0 0 0 51 0 583 0 0 0 0 0 0 0 466 619 0 0 0 0 0 0 0 0 0 0 0 0 0 0 0 0 0 28 0 660 0 0 0 340 0 0 0 0 0 643 236 0 296 0 0 0 72 0 0 994 0 0 0 0 0 0 0 502 0 0 0 0 0 0
0 0 0 0 0 0 0 0 0 0 0 0 0 0 0 966 0 0 0 0 36 0 0 0 0 0 0 0 0 0 0 0 0 0 51 0 0 0 0 0 0 0 0 0 0 0 0 0 0 0 0 0 0 0 0 0 0 0 0 0 0 0 0 0 316 0 0 0 779 0 0 417 0 0 16 0 236 747 0 0 0 0 0 0 0 0 0 0 939 0 0 0 0 0 0 0 0 0 0 0
639 0 0 0 0 223 0 0 0 0 273 713 0 0 0 0 0 0 0 0 0 0 0 363 0 645 959 0 511 0 0 0 0 0 0 0 0 0 0 0 0 0 0 0 466 0 0 0 0 0 0 0 0 0 0 0 0 0 0 0 0 0 209 0 0 0 315 0 0 0 0 417 0 486 0 0 0 0 296 906 0 463 72 578 580 0 0 0 0 575 692 0 867 0 0 413 0 496 673 0
0 0 0 0 0 0 0 0 0 0 0 0 0 0 0 0 0 0 0 242 0 0 836 0 0 0 0 0 0 156 0 0 670 618 0 949 0 0 519 0 598 0 0 0 0 0 0 603 6 0 0 0 0 541 882 0 0 0 0 0 0 0 209 28 0 0 0 0 0 0 0 0 777 0 0 0 0 0 0 0 0 0 0 0 580 0 0 0 939 575 0 91 0 502 0 0 0 0 0 283
0 0 0 0 0 223 0 654 0 0 0 0 0 0 0 0 0 0 0 0 0 0 836 363 0 0 959 0 0 0 846 0 0 0 0 0 0 0 519 0 0 796 0 0 466 0 0 0 0 0 0 119 0 0 0 39 882 0 770 864 0 0 209 0 0 0 0 945 779 0 0 0 0 0 0 0 0 0 0 0 0 0 0 0 0 0 0 0 0 575 692 0 0 0 224 0 0 0 0 0
0 0 0 273 0 0 0 0 473 0 0 0 0 133 0 0 0 0 0 0 0 596 0 0 0 0 959 0 0 0 0 0 0 618 0 0 0 861 0 267 0 0 0 0 0 619 0 0 0 0 0 0 0 0 0 0 0 0 0 0 0 0 0 0 0 0 0 0 0 0 0 417 0 486 0 0 236 0 0 0 0 0 72 0 580 0 336 0 0 0 0 0 0 0 0 0 0 496 673 0
0 0 602 0 0 0 256 654 0 162 0 0 614 0 0 966 0 0 0 0 0 0 0 0 0 0 959 0 0 156 0 0 0 0 0 0 0 0 0 0 598 0 0 0 466 0 0 0 0 995 0 0 0 0 882 0 0 0 0 0 501 0 0 0 0 660 0 0 0 0 0 0 0 0 16 0 0 0 0 906 853 0 0 0 580 0 0 667 0 0 692 0 0 0 0 0 886 0 673 0
0 0 0 273 0 0 0 0 0 0 0 0 0 133 0 0 369 0 846 0 0 0 0 0 0 0 0 0 511 156 0 0 670 0 0 0 583 0 0 267 0 0 0 0 0 0 0 0 0 995 0 0 0 0 0 0 882 0 0 0 0 0 209 0 0 0 0 945 0 0 0 0 777 0 0 0 0 0 296 0 0 0 0 0 0 0 0 0 0 575 692 0 0 0 0 0 0 0 0 0
0 150 0 273 0 0 256 654 0 0 273 0 614 133 0 0 0 0 0 242 0 0 0 363 0 0 0 0 0 0 0 0 0 0 0 0 0 0 0 0 0 0 0 481 466 0 0 0 6 0 0 0 0 0 0 0 0 0 0 0 0 926 0 0 0 0 0 0 0 340 0 0 0 486 0 0 0 747 0 0 0 0 0 0 0 994 0 667 0 0 0 0 0 0 0 0 0 0 0 0
0 0 0 0 458 0 0 0 473 0 0 0 0 133 0 0 369 678 0 0 0 596 0 0 0 0 0 597 0 156 0 215 670 0 0 949 0 0 0 0 598 0 0 481 0 0 450 0 0 0 0 0 0 0 0 0 882 0 0 0 501 0 209 0 0 0 0 0 0 0 0 417 0 0 0 643 0 0 296 0 0 0 72 578 0 0 0 0 0 0 0 91 0 0 224 0 0 496 0 0
0 0 0 273 0 0 0 0 0 0 0 0 0 133 0 0 0 0 0 0 0 0 0 0 0 645 0 0 0 0 0 0 0 0 0 0 0 0 519 0 0 0 0 0 0 0 0 0 0 0 407 0 870 0 882 0 882 0 0 0 0 0 0 0 316 660 0 0 0 0 0 0 777 486 0 0 0 0 0 906 853 463 72 0 0 0 0 0 0 0 0 91 0 0 0 0 0 0 0 0
0 0 602 0 0 0 0 0 473 0 0 0 0 0 0 966 369 0 846 0 0 0 0 0 0 0 0 0 0 156 0 0 0 0 0 0 0 861 0 267 0 796 0 0 0 0 0 603 0 995 407 0 0 0 0 0 882 0 0 0 0 0 0 0 0 0 0 0 0 340 0 0 0 0 0 643 0 0 0 0 0 0 72 0 0 0 0 667 939 0 0 0 0 0 0 0 0 0 0 0
0 0 0 0 0 0 0 0 473 0 0 0 614 0 0 0 369 0 0 0 0 0 0 0 333 0 0 0 0 156 0 0 0 0 0 0 0 0 519 0 0 0 0 0 466 0 0 0 0 0 0 0 0 0 0 0 0 0 0 0 501 0 0 0 0 0 0 0 0 340 0 0 777 0 0 0 0 0 296 906 0 0 0 0 0 0 0 0 0 0 0 0 0 0 0 0 886 0 0 283
0 150 0 0 0 0 0 0 473 0 0 0 0 0 0 0 0 678 846 0 0 0 0 363 0 0 0 0 0 0 0 0 670 618 0 0 0 861 0 267 0 796 0 0 0 0 450 0 0 0 0 0 0 0 0 0 0 0 0 0 0 0 0 28 316 0 0 0 0 0 0 0 0 0 0 643 0 0 296 0 0 463 72 0 0 0 336 0 0 0 692 0 867 502 0 0 886 0 0 283
0 0 0 0 0 0 0 654 0 0 0 0 0 0 0 966 0 0 846 0 36 0 836 0 0 0 0 0 0 156 846 215 0 0 0 0 0 0 0 0 598 796 690 0 0 0 0 0 0 0 0 0 0 0 0 0 0 0 0 0 0 926 0 0 0 0 0 0 0 0 0 0 0 0 0 643 236 0 0 0 0 0 0 0 0 0 0 0 939 0 0 0 0 502 0 0 0 496 673 0
0 150 602 0 458 0 256 654 0 0 0 0 0 0 0 0 0 0 0 0 0 0 0 363 0 0 0 597 511 0 846 0 0 0 0 949 0 0 519 0 0 0 0 0 0 0 0 603 6 0 407 0 870 0 0 0 0 0 0 0 0 0 0 28 0 660 315 945 0 0 0 417 0 486 0 0 0 0 296 906 0 0 0 0 0 0 0 0 0 0 692 0 0 0 0 0 0 496 0 283
0 0 0 0 0 0 0 0 473 162 0 0 0 133 0 966 0 0 0 242 0 0 0 0 0 0 0 0 0 0 0 0 0 0 0 0 0 0 0 0 598 0 0 0 466 619 0 603 0 0 407 0 0 0 0 39 0 0 0 864 0 0 209 28 0 0 315 0 0 0 0 0 0 0 0 643 0 0 0 906 0 0 0 578 0 0 0 0 0 0 0 91 0 0 0 0 886 0 0 0
0 150 0 0 0 0 0 0 0 0 0 713 0 0 0 0 369 0 0 0 0 0 0 0 0 0 0 0 0 0 0 0 670 0 51 0 0 0 0 267 0 796 0 0 0 0 0 0 0 0 0 119 0 0 0 0 0 0 0 0 501 0 0 28 0 0 0 0 0 0 0 417 0 486 16 0 0 0 0 0 0 0 0 0 0 0 0 0 0 0 692 91 867 502 0 0 886 0 0 0
639 0 0 273 0 0 0 0 0 162 0 0 614 0 0 966 0 0 0 0 0 0 0 0 0 0 0 597 0 0 0 215 0 0 0 0 0 0 0 0 598 0 690 0 0 0 0 0 0 0 0 119 0 0 0 0 0 0 0 0 0 0 0 28 0 660 315 0 0 340 0 0 0 0 0 643 0 0 0 0 0 0 0 0 0 0 0 667 0 0 0 0 0 0 224 413 0 0 0 0
0 0 602 0 0 0 0 0 0 0 0 0 0 133 0 0 0 0 846 0 0 0 0 0 0 0 0 0 0 0 846 215 0 618 51 0 583 0 0 0 598 796 690 0 0 0 0 0 0 0 0 0 0 541 0 0 882 0 770 0 501 0 0 0 0 0 315 0 0 0 0 0 0 0 0 643 0 0 296 0 0 0 0 0 0 0 0 0 0 0 0 91 0 502 0 413 0 496 0 0
0 0 0 273 458 0 0 0 0 0 0 0 0 0 0 0 0 0 0 0 36 0 0 0 333 0 0 0 0 0 846 0 0 0 0 949 0 0 0 0 0 0 0 481 0 619 0 0 0 0 407 0 0 0 0 39 0 0 0 0 501 0 0 0 316 0 0 0 779 0 0 417 777 486 16 0 0 0 0 0 0 0 0 0 0 994 0 0 0 0 692 91 0 0 0 0 886 0 673 0
0 0 0 273 0 223 0 0 0 0 0 0 614 0 0 0 0 0 846 0 0 0 0 0 0 0 0 0 0 0 0 0 0 0 0 0 0 0 0 0 0 0 690 0 0 619 0 0 0 0 407 0 0 541 0 0 882 0 0 864 501 926 0 0 0 0 0 0 0 0 482 417 777 486 16 0 0 0 296 0 853 0 72 0 580 0 0 0 0 0 0 0 0 0 0 413 0 0 0 0
0 0 0 0 0 0 0 0 0 162 0 0 614 0 71 966 0 0 0 0 0 596 836 0 0 0 0 597 0 0 0 0 670 0 51 0 0 861 0 0 0 0 0 0 0 0 0 0 0 995 407 0 0 0 882 0 0 723 770 0 0 926 0 0 0 0 0 0 0 0 0 0 0 0 0 643 0 0 0 906 0 0 72 0 0 0 0 0 939 575 692 0 867 0 0 0 0 0 0 283
639 0 0 0 0 0 256 0 0 0 0 0 0 133 0 0 0 0 0 242 0 0 836 0 0 645 0 0 0 0 0 0 670 0 0 0 0 861 0 0 0 796 0 0 0 619 0 0 6 0 407 0 0 0 0 39 0 0 0 864 0 926 0 0 316 0 0 945 0 0 0 0 0 0 0 0 0 0 0 0 0 0 72 0 580 0 336 0 0 575 692 0 0 0 0 0 0 0 0 283
0 0 0 0 0 0 0 0 0 0 0 0 0 0 0 0 0 0 0 0 36 0 0 363 0 645 0 597 0 156 0 0 0 0 51 0 0 861 519 0 0 0 0 0 0 0 0 0 0 0 0 0 0 0 0 0 0 723 0 0 0 0 0 0 0 0 0 0 0 340 0 0 0 0 0 0 0 747 0 0 0 0 0 0 580 0 0 0 0 575 0 91 0 502 224 0 886 0 673 0
0 0 0 0 0 223 0 654 0 162 0 713 0 0 71 0 369 0 846 242 0 0 0 0 0 0 0 0 0 0 846 0 670 618 0 0 0 0 0 0 598 0 690 0 0 619 450 0 0 0 0 0 870 0 0 0 882 0 0 0 0 0 0 0 316 0 0 0 0 0 0 0 0 486 0 0 0 747 0 0 853 0 0 0 0 0 0 0 0 0 0 0 867 502 0 0 0 0 0 0
0 0 602 0 458 0 0 0 0 0 273 0 0 0 0 0 0 0 0 0 0 0 0 0 0 0 0 597 0 0 0 0 0 0 51 0 583 0 0 0 0 0 0 0 466 0 450 0 0 0 407 0 0 0 882 0 0 0 0 0 0 0 0 0 0 660 0 0 0 0 0 0 0 486 0 0 0 747 0 0 0 0 0 0 0 0 336 0 0 0 692 0 0 0 0 0 0 0 0 283
0 0 0 273 0 0 256 0 0 0 0 0 0 0 71 0 0 0 0 0 0 0 0 0 0 0 0 0 0 0 846 215 0 0 0 949 0 0 0 0 0 0 690 0 0 0 450 0 0 0 0 119 0 541 882 0 882 723 0 0 0 926 0 0 0 0 0 0 0 0 0 0 0 0 0 0 0 0 296 0 853 0 0 0 0 0 0 0 939 0 0 0 0 502 0 0 0 0 673 0
0 150 0 0 0 0 0 0 0 0 0 713 0 133 0 0 0 0 0 242 0 0 0 363 0 0 0 597 0 0 0 0 0 0 0 949 0 861 519 0 598 0 0 0 466 0 450 603 6 995 0 0 0 0 882 0 882 0 0 864 0 0 0 28 0 0 0 0 0 0 0 0 0 0 0 0 236 0 0 0 0 0 0 0 0 0 0 0 939 0 692 0 0 502 224 0 0 0 673 0
639 0 0 273 458 0 0 654 0 0 273 713 0 0 71 0 0 0 0 242 0 0 0 363 0 645 0 0 511 0 846 0 0 0 0 0 0 861 519 0 0 0 0 0 466 0 450 0 6 0 0 0 0 0 0 0 0 0 0 0 0 0 209 0 0 660 0 0 0 340 0 417 0 0 0 643 236 747 0 906 0 0 0 578 0 994 0 0 0 575 0 0 867 0 0 413 886 0 0 0
0 0 0 0 0 223 0 0 0 162 0 0 0 0 0 0 369 0 0 0 0 596 0 0 0 0 0 0 0 0 0 0 0 618 51 0 583 861 0 0 0 796 0 0 0 0 0 0 0 995 0 0 0 0 0 0 0 0 0 0 0 926 0 0 0 0 0 0 0 0 0 0 777 486 0 0 0 0 0 0 853 0 0 0 580 0 0 0 0 0 0 91 0 0 0 0 0 0 0 283
0 0 0 273 0 0 0 0 473 0 0 0 0 0 0 0 369 678 0 242 36 0 836 0 0 0 0 0 511 0 0 0 0 0 0 0 583 0 0 0 0 0 0 0 0 0 0 603 0 0 0 0 870 0 882 0 0 0 0 0 0 0 0 0 0 0 0 945 0 0 482 0 0 486 0 0 236 0 0 906 0 0 0 0 580 0 336 0 0 0 0 0 0 502 224 0 886 496 0 0
639 0 602 0 0 0 0 0 0 0 0 0 0 133 0 0 0 0 0 0 0 0 0 0 0 0 0 0 0 0 0 215 0 0 0 0 583 0 0 0 0 0 0 0 0 0 0 603 0 0 0 0 0 0 0 39 0 0 0 0 0 0 0 0 0 0 0 0 0 0 0 0 777 0 0 0 0 0 0 906 0 0 0 0 0 0 0 0 0 0 692 0 0 0 0 0 0 0 0 0
0 0 0 0 0 223 0 0 0 0 0 713 0 0 0 0 369 678 0 0 0 0 0 0 0 645 0 0 0 0 0 0 0 618 0 0 0 0 0 267 0 796 0 0 466 0 0 0 0 995 407 0 0 0 0 0 0 0 0 864 0 0 0 28 0 0 0 945 0 0 0 0 777 0 0 0 0 0 0 0 0 0 0 0 0 0 336 0 0 0 692 0 0 0 0 0 0 496 673 0
0 0 0 0 458 0 0 654 0 0 0 0 0 0 0 0 369 0 0 242 0 0 0 363 333 0 0 0 0 156 0 0 0 0 0 0 0 861 0 0 0 0 0 0 0 0 450 603 6 0 0 0 0 0 0 0 0 0 0 0 501 0 0 0 0 660 0 0 0 0 0 0 0 0 16 0 0 747 296 0 0 0 0 0 0 0 0 0 0 0 0 91 867 0 224 0 0 0 0 0
0 0 0 0 0 0 0 654 473 0 0 713 0 133 0 0 0 0 0 0 0 0 0 0 0 0 0 0 0 0 0 0 0 0 51 0 0 0 0 0 0 0 0 0 0 0 0 0 0 0 407 119 0 0 0 0 0 0 0 864 0 926 0 0 0 0 0 945 0 340 0 0 0 0 0 0 0 0 0 0 853 0 0 0 0 0 0 0 939 0 0 0 867 0 224 0 0 496 0 0
0 0 0 0 0 0 256 0 0 0 0 0 0 0 0 966 0 0 0 0 0 0 0 363 0 0 0 0 0 0 0 215 0 0 0 949 0 0 0 267 0 0 0 481 466 0 0 0 0 0 0 0 0 0 0 0 0 0 0 0 501 0 0 0 0 0 315 0 779 0 0 0 0 0 0 0 0 0 296 0 0 0 72 0 0 994 0 667 0 575 0 91 0 0 0 413 886 0 0 0
639 0 602 0 0 0 0 0 0 0 0 0 0 0 0 0 0 678 846 0 0 0 0 363 0 0 959 0 0 0 0 0 0 0 0 0 0 0 0 0 0 0 0 0 0 619 0 603 0 0 0 0 0 0 0 39 0 0 0 0 501 0 0 0 0 0 0 0 0 0 0 0 777 0 16 643 0 0 296 0 0 0 0 578 580 0 336 0 0 0 692 0 867 502 0 0 0 0 0 0
0 0 602 0 0 223 0 654 0 0 0 0 0 0 0 0 0 0 846 242 0 0 0 0 0 0 0 597 511 0 0 0 0 618 0 0 0 861 519 0 598 0 0 0 0 0 0 0 0 0 0 0 0 541 0 39 0 0 0 864 0 0 0 0 316 660 0 0 0 340 482 0 0 0 0 0 0 0 0 906 853 0 0 578 0 994 0 0 939 0 0 0 867 0 224 0 0 0 0 0
639 150 0 0 0 0 0 0 0 0 0 0 0 0 0 0 0 0 0 0 0 0 0 0 0 0 0 0 0 156 0 215 0 618 0 0 0 0 0 267 0 0 0 481 0 0 0 0 0 0 0 0 0 0 0 39 0 723 0 0 0 0 0 0 0 660 0 945 0 340 482 417 0 0 0 643 0 0 0 0 0 0 0 0 0 994 0 0 0 0 0 0 867 502 0 0 0 0 673 0
0 150 0 273 458 0 0 654 0 0 0 0 0 133 0 0 369 0 0 0 0 0 0 0 333 0 0 0 511 0 846 0 0 618 0 0 0 861 0 0 598 0 690 0 0 0 0 0 6 0 0 0 0 0 0 0 0 0 0 0 0 0 209 0 0 0 0 0 0 0 0 417 0 0 0 0 0 0 296 0 0 463 0 578 0 0 0 667 0 575 0 0 867 0 0 0 0 0 0 0
0 0 0 0 0 0 0 0 473 0 273 0 0 0 0 0 369 678 0 0 0 0 836 0 0 0 0 0 0 0 0 0 670 0 0 949 0 0 0 267 0 0 0 0 0 0 450 0 6 995 0 119 0 541 0 0 0 0 0 0 501 926 0 28 316 0 0 0 0 0 0 0 0 0 0 643 0 747 0 0 853 0 72 578 580 0 0 667 0 575 0 0 0 0 0 413 0 0 0 0
0 0 0 0 0 223 0 654 0 0 0 0 0 0 0 966 369 0 846 0 0 0 836 0 0 645 0 0 511 0 846 0 0 618 0 0 0 0 519 0 0 0 0 0 0 0 0 0 0 995 0 0 870 541 0 0 0 0 0 0 0 0 209 0 0 660 0 0 0 0 0 0 0 0 0 0 236 0 296 0 853 463 0 0 0 0 0 0 0 0 692 0 867 0 0 0 886 0 0 283
2.71, 36.11, 31.98, 24.75, 6.3, 5.54, 37.29, 0.45, 11.47, 2.54, 1.27, 7.22, 1.88, 12.79, 1.21, 5.88, 2.1, 34.42, 3.83, 15.98, 19.91, 27.35, 47.8, 3.05, 14.27, 34.77, 2.89, 3.94, 3.16, 7.19, 0.35, 7.55, 2.23, 12.73, 0.79, 5.22, 1.08, 14.64, 1.58, 2.34, 1.38, 16.18, 28.87, 1.16, 6.15, 2.99, 4.11, 7.43, 2.94, 4.51, 13.83, 1.83, 5.96, 0, 3.88, 0.53, 1.35, 1.1, 32.4, 9.92, 25.62, 6.62, 14.04, 3.46, 3.09, 19.37, 5.26, 0.95, 18.66, 1.12, 0.56, 18.58, 7.88, 6.64, 11.1, 4.4, 41.76, 7.65, 5.28, 7.23, 15.55, 7.44, 3.71, 5.9, 0.76, 40.39, 8.06, 6.82, 12.2, 5.56, 3.42, 8.91, 2.17, 0.82, 1.46, 9.87, 1.22, 3.84, 1.2, 10.64,
16.96, 3.68, 1.33, 15.73, 0.81, 6.06, 9.77, 13.74, 11.95, 1.42, 6.77, 11.3, 6.13, 14.46, 9.84, 7.24, 13.14, 40.84, 15.49, 5.64, 3.24, 6.26, 7.57, 3.04, 14.46, 0.73, 5.01, 9.9, 0.04, 5.64, 44.2, 1.74, 5.2, 3.87, 1.64, 2.45, 6.72, 7.24, 8.5, 28.38, 16.94, 16.85, 4.64, 7.69, 2.54, 9.96, 3.13, 36.99, 11.8, 18.06, 2.04, 4.24, 9.58, 2.39, 7.54, 23.34, 20.17, 11.52, 7.65, 1.74, 0.93, 12.87, 36.76, 4.3, 10.79, 1.35, 5.92, 5.7, 0.7, 1.25, 26.84, 14.12, 4.68, 1.14, 8.31, 3.52, 9.43, 18.5, 0.14, 8.7, 3.01, 0.61, 5.78, 16.99, 11.74, 16.49, 7.59, 2.35, 8.12, 10.51, 8.54, 7.45, 10.33, 2.48, 7.54, 0.5, 7.83, 6.19, 0.28, 8.01,
7.0,7.0,7.0,7.0,7.0,8.0,8.0,8.0,8.0,8.0,9.0,9.0,9.0,9.0,9.0,10.0,10.0,10.0,10.0,10.0,11.0,11.0,11.0,11.0,11.0,12.0,12.0,12.0,12.0,12.0,13.0,13.0,13.0,13.0,13.0,14.0,14.0,14.0,14.0,14.0
