100
174 379 589 337 495 0 170 844 321 235 311 790 255 923 0 217 626 258 707 743 263 573 916 709 845 920 0 0 143 854 666 734 315 668 464 651 786 902 0 159 270 0 238 723 627 453 635 530 331 771 635 0 180 397 0 378 78 530 950 856 0 665 501 924 0 497 782 870 902 812 155 730 0 661 908 390 957 457 196 591 156 520 0 827 564 457 0 472 233 315 0 446 434 473 0 11 310 87 823 0
0 379 589 0 495 0 170 844 321 235 311 790 255 923 0 217 626 0 707 743 263 573 916 0 0 920 295 651 143 854 0 0 315 668 464 651 786 902 528 159 270 135 238 723 0 453 635 530 331 0 635 775 180 397 0 378 78 0 950 856 550 0 501 924 93 497 782 0 0 812 155 730 760 661 908 390 957 457 0 591 156 520 413 827 564 457 193 0 233 0 0 446 434 473 834 11 310 87 823 472
174 379 589 337 495 753 170 844 0 235 311 0 255 923 0 217 626 258 707 743 0 573 916 709 845 920 295 651 143 854 0 0 0 668 464 651 786 902 528 159 0 0 238 723 627 453 635 530 331 771 635 0 180 397 963 378 78 530 950 856 550 665 501 0 93 497 782 0 902 0 0 0 760 661 908 390 957 0 0 591 156 0 0 827 564 457 193 472 233 315 867 446 434 473 834 0 310 87 823 0
174 379 589 337 495 753 170 0 321 235 311 790 255 923 149 217 626 258 707 743 0 573 916 709 845 920 295 651 143 854 666 734 315 668 464 651 786 902 528 159 270 135 238 723 627 453 635 530 331 0 635 775 180 397 963 378 78 530 0 856 550 665 0 924 93 497 782 870 902 812 155 730 760 661 0 390 0 457 196 591 156 0 0 827 564 457 0 472 233 0 867 446 434 473 834 0 310 87 823 472
174 379 0 337 495 753 170 844 321 235 311 790 255 923 149 217 626 258 707 743 263 573 916 709 0 920 295 651 0 854 666 734 315 668 464 651 786 902 528 159 270 0 238 723 627 453 0 530 331 0 635 775 180 0 963 378 78 530 950 856 550 665 501 924 0 497 782 870 902 812 155 730 0 0 908 390 957 457 196 591 156 520 413 827 564 457 193 472 233 315 867 446 434 473 834 11 310 87 823 472
174 379 589 337 495 753 170 844 321 235 311 790 255 923 0 217 626 0 707 743 263 573 0 709 845 920 0 651 143 854 666 734 315 668 464 651 786 902 528 0 270 135 238 0 627 453 635 0 331 771 635 775 0 397 963 378 0 530 950 856 550 665 501 924 93 0 0 870 902 812 155 730 760 661 908 390 957 457 0 591 156 520 413 827 564 0 193 472 233 315 867 446 434 473 834 11 310 87 823 472
0 379 589 337 495 0 170 844 321 0 311 790 255 923 149 0 626 258 707 743 263 573 916 709 845 920 295 651 143 854 0 734 315 668 464 0 786 0 528 0 270 135 238 723 627 453 0 530 331 0 635 775 180 397 963 378 78 530 950 856 550 665 501 924 93 497 782 870 902 0 155 0 760 661 908 390 957 457 196 591 156 520 413 827 0 457 193 472 233 315 867 446 434 0 834 11 310 87 0 472
174 379 589 337 495 753 170 844 321 235 311 790 255 923 0 217 626 258 0 743 263 573 916 0 0 920 295 651 143 854 666 734 315 668 464 651 786 902 528 159 270 135 238 723 627 453 635 530 331 771 635 775 180 397 963 378 78 530 950 856 550 665 501 924 0 497 782 870 902 812 0 730 0 661 908 390 957 457 196 0 156 520 413 827 564 457 193 472 233 315 867 446 434 473 834 11 310 0 823 472
0 379 589 337 495 753 0 844 321 235 311 790 255 0 149 217 0 0 0 743 263 573 0 709 845 920 295 651 143 854 666 734 0 668 464 651 786 902 528 159 270 135 0 723 627 453 0 530 0 0 635 775 180 397 963 378 78 530 950 856 550 665 501 924 0 0 0 870 902 812 155 0 760 661 908 390 0 457 196 591 156 520 413 827 0 457 193 472 233 315 867 446 434 473 834 11 310 87 823 472
174 379 589 0 495 753 170 844 321 235 311 790 255 923 0 0 626 258 707 743 263 573 916 709 845 920 295 651 0 854 666 734 315 668 0 651 0 902 528 159 270 135 238 723 627 453 635 530 331 771 635 775 180 397 963 378 78 530 950 856 550 665 501 924 93 0 782 870 902 812 155 730 760 661 908 390 957 457 196 0 156 0 413 827 564 0 193 472 233 0 0 446 434 0 834 11 310 87 823 472
174 0 589 337 495 753 170 0 0 0 311 790 255 923 0 217 626 258 707 743 263 573 0 709 845 920 295 651 0 854 666 0 315 668 464 651 0 902 528 159 270 135 0 0 627 453 635 530 331 771 635 0 180 397 963 378 0 530 950 856 0 665 501 924 93 497 782 870 902 812 155 730 0 661 908 390 957 0 196 591 156 520 413 827 564 0 193 0 233 0 867 446 434 473 834 11 310 87 823 472
174 379 589 337 495 753 170 844 321 235 311 0 255 923 149 217 626 258 707 0 263 573 916 709 845 0 295 651 143 854 666 734 315 0 0 651 786 902 528 159 270 135 238 723 627 453 635 530 331 771 635 775 0 397 0 0 78 530 950 856 550 665 0 0 93 497 782 870 902 0 155 730 760 0 908 390 957 457 196 591 156 520 413 827 564 457 193 0 233 315 867 446 434 473 834 0 310 87 823 472
174 0 589 337 495 753 170 0 321 0 311 790 255 923 149 0 0 0 707 743 263 573 916 709 845 920 295 0 143 854 666 734 315 0 464 0 786 902 528 0 270 135 238 723 627 453 635 0 331 771 635 775 180 397 963 378 78 530 950 856 0 665 0 924 93 497 0 870 902 0 0 0 760 661 0 390 957 457 196 591 156 520 413 827 564 457 193 0 233 315 867 446 434 473 834 11 310 87 823 0
174 379 589 337 495 753 170 844 0 235 311 790 255 923 149 217 626 258 707 743 263 573 916 709 845 920 295 651 0 854 0 734 315 668 0 0 786 902 528 159 270 135 0 723 627 453 635 0 331 0 635 0 180 0 963 0 78 530 950 856 550 0 0 924 93 497 782 0 902 812 155 730 760 661 908 390 957 457 196 591 156 520 413 827 564 457 193 472 233 0 867 446 434 0 834 11 310 0 823 472
174 379 589 337 495 0 170 0 321 235 311 790 255 923 149 217 626 258 707 743 263 0 916 709 845 920 295 651 143 0 666 0 315 668 464 651 786 902 528 159 270 135 238 723 627 453 635 530 0 771 0 0 180 397 963 0 78 530 950 856 0 665 501 924 93 497 0 870 902 812 0 730 760 661 908 390 957 457 196 591 156 520 413 827 564 457 193 0 233 315 0 446 434 473 0 0 310 87 823 472
174 379 589 337 495 753 170 844 321 235 311 790 0 923 149 217 626 258 707 743 263 0 916 709 845 920 0 651 143 854 666 0 315 668 464 651 786 902 528 159 270 135 238 723 627 453 635 530 331 771 635 775 180 397 963 378 0 0 0 856 550 0 501 924 93 497 0 870 902 0 155 730 760 661 908 390 957 457 196 591 156 520 413 0 564 0 193 472 0 315 867 446 434 473 834 11 310 87 823 472
174 379 589 337 495 0 170 844 321 235 311 790 255 923 149 217 626 258 707 0 263 573 916 709 845 920 295 0 143 0 666 734 0 0 464 651 786 902 528 159 270 0 0 723 627 453 635 530 331 771 635 0 180 397 0 378 78 0 950 856 550 665 501 924 93 497 782 0 902 812 0 730 760 0 0 390 957 457 196 591 156 520 413 827 564 457 193 472 233 315 867 446 434 473 0 11 310 87 823 472
174 379 589 337 495 753 170 844 321 235 311 0 255 923 149 217 626 258 707 743 263 573 916 709 0 920 295 0 0 0 666 734 315 668 464 651 786 902 528 159 270 135 238 0 627 453 635 530 331 771 635 775 180 397 963 0 78 530 950 856 550 665 501 924 93 497 782 870 902 812 155 0 760 661 908 0 957 457 0 591 156 520 413 827 564 457 193 0 233 315 867 446 434 473 834 11 310 87 823 472
174 379 589 0 495 753 170 844 321 235 311 790 255 923 149 217 626 258 707 743 263 573 916 709 845 920 295 0 143 854 666 734 0 668 464 651 786 902 528 159 270 0 238 723 627 453 0 530 331 771 635 775 180 397 0 378 78 530 950 856 550 665 501 924 93 497 782 870 902 812 155 0 760 661 908 390 957 457 196 591 156 520 413 827 564 457 193 472 233 315 867 446 434 473 0 0 0 87 823 472
174 379 589 337 495 753 170 844 321 0 311 790 0 0 149 217 626 258 707 743 263 573 916 709 845 0 295 651 0 854 666 734 315 668 464 651 786 902 528 159 270 135 238 723 627 453 635 530 331 771 635 0 180 397 0 378 78 530 950 856 550 0 501 0 93 497 782 870 902 812 155 0 760 661 0 390 957 457 196 0 156 0 413 827 564 0 193 472 233 315 867 446 434 473 834 11 310 87 823 472
0 379 589 337 495 0 170 0 321 0 311 790 255 923 149 217 626 258 707 743 263 573 916 709 845 920 295 651 0 854 666 734 0 668 0 651 786 902 528 0 270 135 0 723 627 0 635 530 331 0 0 775 180 397 963 378 78 530 950 856 0 665 501 924 93 497 782 870 902 812 155 730 760 661 908 390 957 457 196 591 156 520 413 827 564 457 193 472 233 315 867 446 434 0 834 11 310 0 823 472
174 379 0 337 495 0 170 844 321 235 311 0 255 923 0 217 0 258 707 743 263 573 916 709 0 920 295 0 0 854 666 734 315 668 464 651 786 0 528 159 270 135 238 723 627 453 635 530 331 771 635 775 180 397 963 378 0 530 950 856 550 665 501 924 93 497 782 870 902 812 155 730 0 0 908 390 0 457 0 0 156 520 413 827 564 457 193 472 233 315 867 446 434 473 834 11 310 87 823 472
174 379 589 0 495 0 170 844 0 235 311 790 255 923 149 217 626 258 707 743 263 573 916 709 845 920 295 0 143 854 666 734 315 668 464 651 786 902 528 159 270 135 238 723 627 453 635 530 331 771 635 775 180 397 963 378 78 530 950 856 550 665 501 924 93 497 782 870 902 812 155 730 760 0 908 390 957 457 0 0 156 520 413 827 564 457 193 472 233 315 867 446 434 473 834 11 310 0 823 0
174 379 0 337 495 753 170 844 321 235 311 790 255 923 0 217 626 0 707 743 263 573 916 709 845 920 295 651 143 854 666 734 0 668 464 651 786 902 0 159 270 135 0 0 627 453 635 530 331 771 635 775 180 397 963 378 78 530 950 856 550 665 501 924 93 0 782 870 0 812 155 730 760 661 908 390 957 457 196 591 156 520 0 827 564 457 193 0 233 315 867 446 0 473 834 11 310 87 823 472
174 0 589 337 495 753 170 0 321 235 311 790 0 923 149 217 626 258 707 743 263 573 916 0 845 920 295 651 0 854 666 734 315 668 464 651 786 902 528 159 270 135 238 723 627 0 635 530 0 771 635 775 180 397 963 378 78 530 950 856 550 0 501 924 93 497 782 870 0 812 155 730 760 661 908 390 957 457 196 591 156 520 413 0 564 457 193 0 233 315 867 446 434 473 834 11 310 87 823 472
174 379 589 337 495 0 170 844 321 235 0 790 255 0 149 217 626 258 707 743 263 573 916 0 845 920 295 651 143 854 666 734 315 668 464 651 0 902 0 159 270 135 238 723 0 453 0 530 331 771 635 775 0 397 963 0 78 530 950 856 550 665 501 924 93 497 782 870 902 0 155 730 760 0 908 390 957 457 196 591 156 520 0 827 0 457 193 0 233 0 867 446 434 473 0 11 310 87 823 472
174 379 589 337 0 753 170 844 321 235 311 790 255 923 149 217 626 258 707 0 263 573 916 709 0 920 0 651 143 854 0 734 315 668 464 651 786 902 0 159 270 135 0 0 0 453 635 530 331 771 635 775 180 397 963 378 78 530 950 0 550 665 0 924 93 497 782 870 902 812 155 730 760 661 908 390 957 457 0 0 156 520 413 827 564 457 193 472 233 315 867 446 434 473 0 11 310 87 823 472
174 379 589 337 495 753 0 844 0 235 311 790 255 923 0 217 626 258 707 743 263 573 916 709 845 920 295 0 0 854 0 734 315 668 464 651 786 902 528 159 270 135 238 723 627 0 0 530 331 771 635 775 180 397 963 0 78 0 950 856 550 665 501 924 93 0 782 870 902 0 155 730 0 661 908 0 957 457 196 591 156 520 413 827 564 0 193 472 233 315 867 446 434 0 834 0 310 87 823 472
174 0 0 337 495 0 0 844 321 235 311 790 255 923 149 217 0 258 707 743 0 573 916 709 845 920 295 0 143 854 666 0 315 668 464 651 786 902 528 159 270 135 0 723 627 453 635 530 331 771 0 775 180 0 963 378 78 530 950 856 0 665 0 924 0 497 782 870 902 812 0 730 760 661 908 390 0 457 0 591 156 520 413 0 564 457 193 0 233 315 867 446 434 473 834 11 310 87 823 472
174 379 589 337 495 753 170 844 321 235 311 790 255 923 0 217 626 258 0 743 263 573 916 709 0 0 295 651 0 0 666 734 315 668 464 651 786 902 0 0 270 135 238 723 627 453 635 530 331 771 635 775 0 397 963 378 78 530 950 856 550 0 501 0 93 497 782 870 0 812 155 730 760 0 0 390 957 457 196 0 156 520 413 0 564 457 193 472 233 315 0 446 434 473 834 11 310 87 823 472
174 379 0 337 495 753 170 844 321 235 311 790 255 923 149 217 0 0 707 0 0 573 0 709 845 920 295 0 143 854 666 734 315 668 464 651 786 902 0 159 270 135 0 0 627 453 635 530 331 0 635 775 180 397 963 0 78 530 950 856 550 665 501 924 93 497 782 0 0 812 155 0 760 661 908 390 957 457 196 0 156 520 413 827 564 457 193 472 233 315 867 446 434 473 0 11 310 87 823 472
174 379 589 337 0 753 170 844 321 235 311 0 255 0 149 217 0 258 707 743 263 573 916 709 0 0 295 651 143 854 666 734 0 668 464 651 786 0 528 0 270 135 238 723 627 453 635 530 331 771 635 775 180 397 963 378 0 530 950 856 550 665 501 924 93 0 782 870 902 812 155 0 0 661 0 390 0 0 196 591 0 520 413 827 564 457 193 0 233 0 867 446 0 473 834 11 310 87 823 0
174 379 589 337 495 753 170 844 321 235 311 790 255 923 149 217 626 258 707 743 0 573 916 709 845 920 295 651 143 854 0 734 315 668 464 0 786 902 528 159 270 135 238 723 627 453 635 530 331 771 635 775 180 397 963 378 78 0 950 856 550 665 0 924 93 497 782 870 902 812 155 730 760 661 908 390 0 457 196 591 156 520 413 827 564 457 193 472 233 0 867 446 434 473 834 11 310 87 823 472
174 379 589 337 495 753 0 0 321 235 311 790 255 923 149 217 626 258 707 743 263 0 916 709 845 920 0 651 143 854 0 734 315 668 464 651 786 902 528 159 270 135 238 723 627 453 635 0 0 771 635 775 180 397 963 378 78 0 950 856 550 665 501 924 93 497 782 0 902 812 155 0 760 661 908 390 0 457 196 591 156 520 413 827 564 457 193 472 233 315 867 446 0 0 834 11 310 87 823 472
174 379 589 337 495 753 0 844 321 235 311 0 255 923 149 217 626 258 0 743 263 573 916 709 0 920 0 0 0 854 666 734 315 668 464 651 786 902 528 159 270 135 0 723 627 453 635 530 331 771 635 775 180 397 963 378 78 530 950 856 550 665 501 924 93 497 782 0 902 812 155 0 760 661 908 390 957 457 196 591 156 520 413 827 564 457 0 472 233 315 867 446 434 473 834 11 310 87 823 472
174 0 589 337 495 753 0 844 321 235 311 790 255 923 149 217 626 258 0 743 263 0 916 709 845 920 295 651 143 854 666 734 315 668 464 0 786 902 528 0 270 135 238 723 627 453 635 530 331 0 635 775 0 397 963 378 78 530 950 856 550 665 501 924 93 497 782 870 902 0 0 0 760 661 908 0 0 457 196 591 156 0 413 827 564 457 0 472 233 0 0 446 434 473 0 0 310 87 823 472
0 379 589 337 495 0 170 844 321 235 311 790 0 923 149 217 626 258 707 743 263 0 916 709 845 920 295 651 0 854 666 734 315 668 464 651 786 902 528 159 270 0 238 723 0 0 635 0 331 771 635 775 180 397 963 378 0 530 0 856 550 665 501 924 93 497 782 870 902 812 155 0 760 661 0 390 957 457 196 0 156 520 413 827 564 457 193 0 233 315 867 446 0 473 0 11 310 87 823 472
174 379 589 337 495 753 170 844 321 235 311 790 255 923 0 217 626 258 0 743 263 573 916 709 0 920 295 651 143 854 0 734 315 668 464 651 786 902 528 159 270 135 0 723 627 453 0 530 331 0 635 775 180 397 0 0 78 530 0 0 0 665 501 924 93 497 782 870 902 812 155 730 760 661 908 390 957 457 196 591 156 520 413 827 564 457 193 472 233 315 867 446 434 473 834 0 310 87 0 472
174 379 0 337 495 753 170 844 321 235 0 790 255 923 149 0 626 258 0 743 263 0 916 709 845 920 295 651 143 854 666 734 315 668 464 651 786 902 528 159 270 135 238 723 0 453 635 0 331 771 635 775 180 397 963 378 78 530 950 856 550 665 501 924 93 497 782 870 902 0 155 0 760 661 908 390 0 457 196 591 156 520 413 827 564 457 193 472 233 315 867 446 434 0 834 11 310 87 823 0
174 379 0 337 495 753 170 0 321 235 311 790 255 923 0 217 626 0 707 743 263 573 916 709 0 920 295 651 143 854 666 0 315 0 464 651 786 902 528 159 270 135 238 723 627 453 635 530 0 771 635 775 180 397 963 378 78 0 950 856 0 665 501 924 0 497 782 870 902 812 155 730 760 661 908 0 957 457 196 0 156 520 0 827 564 457 193 472 233 315 867 446 0 473 834 11 310 87 0 472
174 379 589 337 495 753 170 844 0 235 311 0 255 923 149 217 626 258 707 743 263 573 916 709 845 920 295 651 143 854 0 734 315 668 464 651 786 0 528 159 270 0 238 723 627 0 635 530 331 0 0 775 180 397 963 0 78 0 950 856 550 665 501 924 93 0 782 0 0 812 155 730 760 661 908 0 957 457 196 0 156 520 413 827 564 457 193 472 233 315 867 446 434 473 834 11 310 87 0 472
0 0 589 337 495 753 170 844 321 235 0 790 255 923 149 217 0 258 707 743 0 573 916 709 845 0 295 651 143 854 0 734 315 668 0 651 786 902 528 159 270 135 238 723 627 453 635 530 331 771 635 0 0 397 963 378 78 530 0 856 550 665 501 924 93 497 782 870 902 812 155 0 760 661 908 390 957 0 196 0 156 520 413 827 564 457 193 472 233 315 867 446 0 473 834 11 310 87 823 472
174 379 589 337 495 753 0 844 321 235 0 790 255 0 149 0 626 258 707 743 263 573 916 709 845 920 295 651 143 0 0 734 315 668 464 651 786 902 528 159 270 135 238 723 627 0 635 530 331 771 635 775 180 397 963 378 78 530 0 856 550 665 501 924 93 497 782 870 902 812 155 730 760 661 908 0 957 0 196 591 156 520 413 827 0 457 193 472 0 0 867 446 434 473 834 11 310 87 823 472
174 379 0 337 495 753 0 844 321 235 0 790 0 923 149 217 626 258 707 743 263 573 916 709 845 920 0 651 0 854 666 734 315 668 464 0 786 0 528 159 270 135 0 723 627 453 635 530 331 771 0 775 180 397 963 0 78 0 0 856 550 665 501 924 93 497 782 870 902 812 155 0 760 661 908 390 957 457 196 591 0 520 413 827 564 457 193 472 233 315 867 446 434 473 834 11 310 87 823 472
174 379 589 0 495 753 0 844 321 235 311 790 255 923 149 217 0 258 707 743 263 573 916 709 845 920 295 651 143 854 666 0 315 668 464 651 786 902 528 159 270 135 238 723 627 453 635 530 331 771 635 775 180 397 963 378 78 530 950 0 550 665 501 0 93 497 782 870 902 812 155 730 760 661 908 390 957 0 196 591 156 520 413 827 564 457 0 472 233 315 867 446 0 473 834 0 0 87 823 472
174 379 589 337 495 753 0 0 321 235 0 790 255 0 0 217 626 258 707 743 0 573 916 709 845 920 295 651 143 854 666 734 315 0 0 0 786 902 528 159 270 135 0 0 627 453 0 0 331 771 635 775 180 397 963 378 78 0 950 856 550 665 501 924 93 497 782 870 902 812 155 730 760 661 908 390 957 457 196 0 156 520 0 0 564 457 193 472 233 315 867 0 434 473 834 11 310 87 823 472
174 379 589 337 495 753 170 844 321 0 0 0 0 0 149 217 0 258 707 743 263 573 916 709 845 920 295 651 143 854 666 734 315 668 464 651 786 0 528 0 270 135 238 723 627 453 0 530 331 0 635 775 180 397 963 378 78 530 950 856 550 665 501 924 93 497 782 870 902 812 0 730 0 661 908 0 0 457 196 0 156 520 0 827 564 457 193 472 233 315 0 446 434 473 834 11 310 87 823 0
174 0 589 337 495 753 170 844 321 235 311 790 255 923 0 217 626 258 707 743 0 573 916 709 845 920 295 651 143 854 666 734 315 668 464 651 786 0 528 159 270 135 238 723 627 453 635 530 0 771 0 775 180 397 963 378 78 530 950 856 550 665 501 0 93 497 782 870 902 812 155 730 760 0 908 0 957 457 196 591 156 520 413 827 0 457 193 472 0 315 867 446 434 473 834 11 310 87 823 472
0 379 589 337 495 753 0 844 321 235 311 790 255 923 149 217 0 258 0 743 263 0 916 709 845 920 0 651 143 854 666 734 315 668 0 651 786 902 528 0 0 0 238 723 627 453 635 530 331 771 635 775 180 0 963 378 78 530 950 856 550 665 501 924 93 497 782 870 902 812 155 730 760 661 908 390 957 457 196 591 156 520 413 827 564 0 193 472 233 315 867 0 434 473 834 0 310 87 823 472
174 379 589 337 495 753 170 844 321 235 311 0 255 0 149 217 626 258 707 743 263 0 0 709 845 920 295 651 143 854 666 734 315 668 464 651 786 0 528 159 270 135 238 723 627 453 635 530 331 771 635 0 180 397 963 378 78 0 0 0 0 665 501 0 93 497 782 870 902 812 155 0 760 661 908 390 957 457 196 591 156 520 413 827 564 0 193 472 233 0 867 446 0 473 834 11 310 87 0 472
174 379 589 337 495 753 170 844 0 235 311 790 255 923 149 217 626 0 707 743 263 573 916 709 845 920 295 651 143 854 666 734 315 668 464 651 786 902 0 159 270 135 238 723 0 0 635 530 331 771 635 775 180 397 0 378 78 530 950 856 550 665 501 924 93 0 782 870 902 812 155 730 760 661 908 0 0 0 196 591 156 0 413 827 0 457 193 472 233 315 867 446 434 473 0 11 0 87 0 472
174 379 589 337 0 753 170 844 321 235 311 790 255 923 149 217 626 258 0 743 0 573 916 709 845 920 0 651 143 854 666 734 0 668 0 651 786 902 0 159 270 135 238 723 627 453 635 530 331 771 635 0 180 397 963 378 78 530 950 0 550 665 501 924 93 497 782 870 902 812 155 0 760 661 908 390 957 457 196 591 156 520 413 827 564 457 0 472 233 315 867 446 0 473 834 0 310 87 823 472
174 379 589 337 495 753 170 844 0 235 311 790 255 923 0 217 0 258 707 743 263 573 0 0 845 920 0 651 0 854 666 734 315 668 464 651 786 902 0 159 270 0 238 723 627 453 635 0 331 771 635 775 180 397 963 378 78 530 0 856 550 665 501 924 93 497 782 870 902 812 155 0 760 0 908 390 957 457 196 0 156 520 413 0 564 457 193 472 233 315 867 446 434 473 834 11 0 87 0 472
174 379 589 337 495 753 170 844 321 235 311 0 255 923 149 217 626 258 707 743 0 573 916 709 845 920 295 651 143 854 666 734 315 0 464 651 786 902 528 0 270 135 238 0 0 453 635 530 331 771 635 0 180 0 963 0 78 530 950 0 550 0 501 924 93 497 0 870 902 812 0 730 760 0 908 390 957 457 196 591 156 520 413 827 564 457 193 472 233 315 867 446 434 473 834 0 310 87 823 472
174 379 0 0 495 753 170 844 321 235 311 0 255 923 149 217 626 0 707 743 263 573 916 709 0 920 295 651 143 0 666 734 0 668 464 651 786 902 528 159 270 135 238 723 627 0 0 530 331 771 635 775 0 0 963 378 78 530 950 856 550 665 501 924 93 497 782 870 902 812 155 730 760 661 908 390 957 457 196 591 156 520 413 827 0 457 193 472 233 315 867 446 434 473 834 0 310 87 0 472
174 379 589 337 495 753 170 0 321 235 311 790 255 923 149 217 626 258 707 743 263 573 916 0 845 920 295 651 143 854 0 734 315 668 464 651 786 902 528 159 270 0 238 723 627 453 635 530 331 771 635 775 180 397 963 378 78 530 950 856 550 665 501 0 93 497 0 870 902 812 155 730 760 661 908 0 957 457 196 591 156 520 413 827 564 457 0 472 233 0 867 446 434 473 834 11 310 87 823 0
174 0 589 337 495 753 170 0 321 0 311 0 255 923 149 217 0 258 707 743 263 573 916 709 845 920 0 651 143 0 666 734 315 668 464 651 786 902 528 159 270 135 238 723 627 453 635 530 331 0 635 775 180 397 0 378 78 530 950 0 550 665 0 924 93 497 782 870 0 812 155 730 760 0 908 390 957 457 196 591 0 520 413 0 564 457 0 472 0 315 867 446 434 0 834 11 310 0 823 472
174 379 589 337 495 753 170 0 321 235 311 0 255 923 149 0 626 258 707 743 263 573 0 709 0 920 295 651 143 854 666 734 315 668 464 651 786 902 528 0 270 0 238 723 627 453 635 530 0 771 635 775 180 397 963 378 78 530 950 856 550 665 501 924 93 497 782 870 902 812 155 730 760 661 908 390 0 457 196 591 156 520 413 827 0 457 193 472 233 315 867 446 434 473 0 11 310 87 823 0
174 379 589 337 495 753 0 844 321 235 0 790 255 0 149 217 626 0 707 743 263 573 916 0 0 920 295 651 0 0 0 734 315 668 464 651 786 902 0 159 270 135 238 0 627 453 635 530 331 771 635 0 180 397 963 378 78 0 950 856 0 665 501 924 93 0 782 870 902 812 155 730 760 661 0 390 957 457 0 591 156 520 413 827 564 457 193 472 233 0 867 446 434 473 834 11 310 87 823 472
0 0 589 337 495 753 170 844 321 235 0 790 255 0 149 217 626 258 707 743 263 573 916 709 845 920 295 651 143 854 0 0 315 668 464 651 786 902 528 159 270 0 238 0 627 0 635 530 331 771 635 775 180 397 963 378 78 530 0 856 550 665 501 924 0 497 782 870 902 812 155 730 760 661 0 390 957 457 0 591 0 520 413 827 564 457 193 472 233 315 867 446 434 473 834 11 310 87 823 472
174 379 589 337 495 753 0 844 321 235 311 0 255 923 149 217 626 258 707 743 263 573 916 709 0 920 0 651 143 854 666 734 315 668 464 651 786 902 528 159 270 0 238 723 627 0 635 530 331 0 635 775 180 397 0 378 78 530 950 856 550 665 501 924 93 497 0 870 902 812 155 0 0 0 908 390 957 457 0 591 156 520 413 0 0 457 193 472 0 315 0 446 434 0 834 11 310 87 823 472
174 379 589 337 0 753 170 0 321 235 311 790 255 0 149 217 626 258 707 743 263 573 916 0 845 920 295 651 143 854 666 734 315 668 464 651 786 902 528 159 0 0 0 723 627 453 635 0 0 771 635 775 180 397 963 378 78 530 0 856 550 665 501 0 93 497 782 870 902 0 155 730 760 0 908 390 957 457 196 591 156 0 413 827 564 457 193 472 233 0 867 446 434 473 834 11 310 87 823 472
0 379 589 337 495 753 0 844 0 235 311 790 255 923 149 217 626 258 707 743 263 573 916 709 845 920 295 651 143 854 666 734 315 668 464 0 786 902 528 159 270 135 238 723 627 453 635 530 331 771 635 775 180 0 963 378 78 530 950 856 550 665 501 0 93 497 782 870 0 812 155 0 760 661 0 390 957 457 196 591 0 520 0 827 564 457 0 472 233 315 867 446 434 473 0 11 310 87 823 472
174 379 589 0 495 753 170 844 0 235 311 790 255 923 149 217 626 258 707 743 263 573 916 0 845 0 295 651 143 854 666 734 315 668 464 651 786 902 528 159 270 135 238 723 627 453 635 530 331 771 635 0 180 397 963 378 78 530 950 0 0 665 0 924 93 497 782 870 902 0 155 730 760 661 908 390 0 457 196 0 156 520 413 827 564 457 0 472 233 315 867 446 434 473 834 11 310 87 823 0
174 379 589 337 495 753 170 844 321 235 311 790 0 923 149 217 626 258 0 743 263 573 916 709 845 920 0 651 143 854 666 0 315 668 464 0 786 902 528 159 0 135 0 0 627 453 0 530 331 771 635 775 180 397 963 0 78 0 950 856 550 665 501 924 93 497 782 870 0 812 155 0 760 661 908 390 957 457 196 591 156 0 0 827 564 457 0 472 233 315 867 446 0 0 834 11 310 0 823 472
174 379 589 337 0 753 170 0 321 0 311 790 0 923 149 217 626 258 707 743 263 573 916 709 845 0 295 651 143 854 666 734 315 668 464 651 786 902 528 159 270 0 238 723 627 0 635 530 331 771 635 775 180 397 963 378 78 530 950 856 550 665 501 924 93 497 782 870 902 812 155 730 760 661 908 390 0 457 196 591 156 520 413 827 564 457 193 472 0 315 867 446 0 0 834 11 310 87 823 472
174 379 589 0 495 753 170 0 321 235 311 790 255 923 0 217 0 258 707 743 263 573 916 709 0 920 0 651 143 854 0 734 315 668 464 651 786 902 528 159 270 0 238 723 0 0 635 530 0 771 635 775 180 397 963 378 78 530 0 856 550 665 501 924 93 0 782 870 902 812 155 730 760 661 908 0 957 457 196 591 156 0 413 827 564 457 193 472 233 315 867 446 434 0 0 11 310 87 823 472
174 379 589 337 495 753 170 844 321 235 0 790 255 923 149 217 0 0 707 743 263 573 916 0 845 920 295 651 143 854 0 734 315 668 464 651 786 902 528 0 0 135 238 723 627 0 635 530 331 771 635 775 180 397 963 378 78 530 950 856 550 665 0 924 0 497 782 870 902 812 0 730 760 661 0 390 957 457 196 591 156 520 0 827 564 457 193 472 233 315 867 446 434 473 834 11 310 87 823 472
174 379 589 337 0 753 170 0 0 235 311 790 255 0 149 0 626 258 707 0 263 573 916 709 845 0 0 651 143 854 666 734 0 0 464 651 786 902 528 0 270 135 238 0 627 453 635 530 331 771 635 775 180 397 963 378 78 530 950 856 550 665 501 924 93 497 782 870 902 812 0 0 760 661 0 390 957 0 196 591 0 520 413 827 564 457 193 472 233 315 0 0 434 473 834 11 310 0 0 472
174 379 589 337 495 753 170 844 321 235 311 790 255 923 149 217 0 258 707 743 263 0 916 0 845 920 295 651 143 0 666 734 315 0 0 651 786 902 528 159 270 135 238 723 627 453 635 530 331 771 635 775 180 397 963 378 78 530 950 856 550 665 501 0 93 497 782 870 902 812 0 730 0 661 908 390 957 457 196 591 156 520 413 0 564 457 193 472 233 315 867 446 434 473 834 11 310 87 823 472
174 379 0 0 495 753 0 0 0 235 0 790 255 923 149 217 626 0 707 743 263 573 916 709 845 920 295 0 143 854 666 734 315 668 464 651 0 902 528 0 270 135 238 723 627 453 635 530 331 771 635 775 180 0 963 378 78 530 950 856 550 0 501 924 93 497 0 0 902 812 155 730 760 661 908 390 957 0 196 591 0 520 413 827 564 457 193 472 233 315 0 446 434 473 834 11 310 87 823 472
174 379 589 337 495 753 170 844 321 235 311 0 255 923 149 217 0 258 707 743 263 0 916 709 845 0 295 651 143 854 666 734 315 0 0 651 786 902 528 159 270 0 0 723 627 453 635 530 331 771 635 775 180 397 963 0 78 530 950 856 550 665 501 924 93 497 782 0 0 0 155 730 760 661 0 390 957 457 0 591 156 520 413 0 564 457 193 472 233 0 867 446 434 473 834 11 310 87 823 472
0 379 589 337 495 753 170 844 321 235 311 790 0 923 149 217 626 258 707 743 263 573 916 709 845 0 295 651 143 854 666 734 315 668 464 651 786 902 528 0 0 135 238 723 627 453 635 530 331 771 635 775 0 0 963 378 78 530 950 856 0 665 501 924 0 497 782 870 0 812 155 730 760 0 908 390 957 457 196 591 156 520 413 827 0 0 0 472 233 315 867 0 434 473 0 11 310 87 823 472
174 379 589 337 495 753 170 0 321 235 311 790 255 923 149 0 626 258 0 743 263 573 916 709 845 0 295 0 143 854 666 734 315 668 464 651 786 0 528 159 0 135 0 723 627 453 635 530 331 771 0 775 180 397 963 378 78 530 950 0 550 665 501 924 93 497 782 870 902 812 155 730 760 661 908 390 957 0 196 591 156 520 413 827 564 457 193 472 233 315 867 446 434 473 834 0 310 87 823 0
174 379 589 337 495 753 170 844 321 235 311 790 255 923 0 217 626 258 707 743 263 573 916 709 0 920 295 651 143 854 666 734 315 668 464 0 786 902 528 159 270 135 0 723 627 453 635 0 331 771 635 775 180 397 963 378 78 530 0 856 550 665 501 924 93 497 782 870 902 812 155 0 760 661 908 0 957 457 196 591 0 0 413 827 564 457 193 472 233 315 867 446 434 473 834 11 0 87 823 0
174 379 589 337 495 753 170 844 0 235 0 0 255 923 149 217 626 258 0 743 263 573 0 709 845 920 295 651 143 854 666 734 315 668 464 651 0 902 528 159 270 135 238 0 0 453 635 530 331 771 635 775 180 397 963 378 0 530 950 856 550 665 501 924 93 497 782 870 902 812 155 730 760 661 908 390 957 457 196 591 156 520 413 827 564 0 193 472 233 0 0 446 434 473 834 11 310 87 823 472
174 379 589 337 495 753 170 844 321 235 311 790 255 923 0 217 0 258 707 743 263 573 0 709 845 920 295 651 143 854 0 734 315 668 0 651 0 902 528 159 270 135 238 723 627 453 635 530 0 771 635 0 180 397 963 378 78 530 0 0 550 665 501 924 93 497 0 870 902 812 155 730 760 661 908 390 0 0 196 591 156 520 413 0 564 457 193 472 0 315 867 446 434 473 834 11 310 87 823 472
174 379 589 337 495 753 170 844 321 0 311 790 255 923 149 217 626 258 707 743 263 573 916 709 845 0 0 651 143 854 666 734 315 668 464 651 786 0 528 159 270 135 238 723 627 453 635 530 331 771 635 775 180 397 963 378 78 0 0 856 550 665 0 924 93 497 0 870 902 0 155 730 760 661 908 390 957 0 196 591 156 520 413 0 0 457 193 472 0 0 867 0 434 473 834 0 310 87 823 472
174 0 589 337 495 753 0 844 321 0 311 790 255 923 149 217 626 258 707 743 263 573 916 709 845 920 295 651 143 854 666 734 315 0 464 651 786 902 0 159 270 135 238 723 0 453 635 530 331 771 635 0 180 397 963 378 78 530 950 856 550 665 501 924 93 497 782 870 902 812 155 730 760 0 908 390 0 457 196 0 156 0 413 0 564 0 193 472 233 315 0 0 434 473 834 0 310 87 823 472
174 379 589 337 495 753 170 844 321 0 311 790 255 0 149 0 0 258 707 743 263 0 916 709 845 920 295 651 143 854 666 734 315 0 464 651 786 902 528 159 270 135 238 723 0 453 635 530 0 771 635 775 0 397 963 378 78 530 0 856 550 665 0 924 0 497 782 870 902 0 0 730 760 661 0 390 957 0 196 591 156 520 413 0 0 457 193 472 233 315 867 446 434 473 834 11 310 87 0 472
0 0 0 337 495 753 170 844 321 235 311 790 255 923 149 217 626 258 707 743 263 573 916 709 845 920 295 651 0 854 0 734 315 668 0 651 786 902 528 159 270 135 238 723 627 0 635 530 331 771 635 775 180 397 963 378 78 0 950 0 550 665 501 924 93 497 782 870 902 812 155 730 760 661 0 390 957 457 0 591 156 520 413 0 564 457 193 472 233 315 0 446 434 473 0 11 310 0 823 472
174 379 589 337 495 753 170 844 321 235 311 790 0 923 149 0 626 258 707 743 0 0 916 709 845 920 295 0 143 854 666 0 315 668 464 651 786 902 528 0 270 135 238 723 627 453 0 530 331 771 635 775 180 397 963 378 78 0 950 856 550 665 0 924 93 497 782 870 902 812 155 730 0 661 0 390 957 457 196 591 0 520 413 827 564 457 193 472 233 315 867 446 434 473 834 11 310 87 0 0
0 379 589 0 495 753 0 844 0 0 311 790 255 923 149 217 626 258 707 743 263 0 0 0 845 920 295 0 0 854 666 0 315 0 0 651 786 902 528 159 270 135 0 723 627 453 635 530 331 771 635 0 180 397 963 378 78 530 950 856 550 665 501 924 93 497 782 870 902 812 0 730 760 661 908 390 0 457 196 591 156 520 413 827 564 457 193 472 233 315 0 446 434 473 834 0 310 87 823 472
174 379 589 337 495 753 170 844 321 235 311 790 255 923 149 217 626 258 707 743 263 573 916 709 845 920 295 651 143 854 0 734 315 668 0 651 786 902 528 0 270 135 238 723 627 453 635 530 331 771 0 775 180 397 963 0 78 530 950 856 550 665 501 924 0 497 782 870 902 812 155 730 760 661 0 390 957 457 196 591 156 520 0 827 564 0 193 0 233 315 867 0 0 0 834 11 310 87 0 0
174 379 0 337 495 753 170 844 321 0 311 790 255 923 0 217 626 258 707 743 0 573 916 709 845 920 0 651 143 0 666 734 315 668 464 651 786 902 528 159 270 135 0 723 627 453 635 530 331 771 635 775 180 397 963 378 78 530 950 856 0 665 0 924 93 497 0 870 0 812 155 730 0 661 908 390 957 457 196 591 156 520 413 827 0 457 193 472 233 315 0 446 434 473 0 11 0 0 0 0
174 379 589 337 495 753 170 844 0 235 311 0 255 0 0 217 626 258 707 743 263 573 916 709 845 0 295 651 143 854 666 734 315 668 464 651 786 0 528 159 270 135 238 723 627 453 635 530 0 771 0 775 0 397 963 378 78 530 950 856 550 665 501 924 0 497 782 870 902 812 155 730 760 661 908 390 957 457 196 591 156 520 413 827 564 457 193 472 233 315 867 446 434 0 834 11 310 87 823 472
174 379 589 337 495 753 170 844 321 235 311 0 255 923 149 217 626 258 707 743 263 573 916 709 0 920 0 0 143 854 666 734 315 668 464 651 786 902 528 159 270 135 238 723 627 453 635 530 331 771 635 775 180 0 963 378 78 530 950 856 550 665 501 924 93 0 782 870 902 812 155 730 760 661 908 390 957 457 196 0 0 0 413 0 564 457 193 472 233 0 0 446 434 473 834 11 310 87 823 472
174 379 589 337 0 753 170 0 0 235 311 790 255 923 0 217 626 258 707 743 263 573 0 709 845 0 295 651 143 854 666 734 0 668 0 651 786 0 528 159 270 135 238 723 627 453 635 530 0 771 635 775 180 397 963 378 0 530 950 856 0 665 0 924 93 0 782 0 902 812 155 730 760 661 908 390 957 457 196 591 156 520 413 827 564 457 0 472 233 315 867 446 0 473 834 11 310 0 823 472
174 379 589 0 0 753 170 844 321 235 311 790 255 923 0 217 626 258 0 743 263 0 916 709 845 920 295 651 143 0 666 734 315 668 464 651 786 902 0 159 270 135 238 723 627 453 635 530 331 0 635 775 180 397 963 378 78 530 950 0 550 665 501 924 93 497 782 870 902 0 155 730 760 0 0 0 957 457 196 591 156 520 413 827 564 0 0 472 233 315 0 446 434 473 0 11 310 87 823 472
174 0 589 337 495 753 0 844 321 235 311 790 255 923 149 217 0 258 707 743 263 0 916 709 845 0 295 651 0 854 666 734 315 668 464 651 786 902 0 159 0 135 238 723 627 453 635 530 331 771 635 775 180 397 963 378 78 530 950 856 550 665 501 924 93 0 782 870 902 812 155 730 760 661 0 390 957 457 196 591 156 0 0 827 564 457 193 472 233 315 867 446 434 473 834 11 310 87 823 472
174 379 589 337 495 753 170 0 321 235 311 790 255 923 149 217 0 258 0 743 263 573 916 709 845 920 295 651 143 854 666 734 315 668 464 651 786 902 0 0 270 135 238 723 627 453 635 530 0 771 635 775 180 397 0 378 78 530 950 856 550 665 501 924 93 497 782 870 902 812 155 730 760 661 908 390 957 457 196 591 156 520 413 827 564 457 193 472 0 315 867 446 434 473 0 11 310 87 823 472
174 379 589 337 495 753 170 844 321 235 311 790 0 923 149 0 626 258 707 743 263 0 916 709 845 920 295 651 143 854 666 734 315 668 464 651 786 902 528 159 270 135 238 723 627 453 635 530 331 771 635 775 180 397 963 378 78 530 950 0 550 665 501 924 93 497 782 870 902 812 155 730 760 661 0 390 0 0 196 591 0 520 413 827 564 457 0 472 233 0 867 446 434 473 834 11 310 87 823 472
174 379 0 337 495 0 170 844 321 235 311 790 255 0 149 217 626 0 707 743 263 573 916 709 845 920 295 651 143 854 666 734 315 668 0 651 786 902 528 159 0 135 238 723 627 453 635 0 331 771 635 775 180 397 963 378 0 530 0 856 550 665 501 0 0 497 782 870 0 0 155 730 760 661 908 390 957 457 196 591 156 520 0 0 564 0 193 472 233 315 867 446 434 473 834 11 310 0 823 472
0 379 589 337 495 753 170 0 321 235 311 790 0 923 149 217 626 0 707 743 263 573 916 709 845 920 295 0 143 854 666 734 0 668 464 651 786 902 528 159 270 135 238 723 627 453 635 0 331 0 635 0 180 0 963 378 78 530 950 856 550 665 0 924 93 497 782 870 902 812 155 730 760 661 908 390 957 457 196 0 156 520 413 827 0 457 193 472 233 315 867 446 434 473 834 11 310 87 823 472
174 379 589 337 0 0 170 844 0 235 311 0 255 923 149 217 626 258 707 743 263 573 916 0 845 920 0 651 143 854 0 734 315 668 464 651 786 0 528 0 270 135 238 723 627 453 0 530 331 771 635 775 180 397 963 378 78 0 950 856 550 665 501 924 93 497 782 0 902 812 155 730 760 661 908 390 0 457 196 0 156 520 413 827 564 457 193 472 233 315 0 446 434 473 0 11 310 0 823 472
174 379 589 337 495 753 170 844 321 0 311 790 0 923 149 0 626 258 707 743 0 573 916 709 845 920 295 651 143 854 666 734 0 668 0 651 786 902 528 0 0 135 0 0 627 453 635 530 331 771 635 0 0 397 963 378 78 530 950 856 550 665 501 0 93 497 782 870 902 812 155 730 760 661 908 390 957 457 196 591 156 520 0 827 564 457 0 472 233 315 0 446 434 473 0 11 310 87 823 472
174 379 589 337 495 753 170 844 321 235 311 790 255 923 149 217 626 258 707 743 263 573 916 709 845 920 295 651 143 854 666 734 315 668 0 651 786 902 0 159 270 135 0 723 627 453 635 0 331 771 635 775 180 397 963 378 78 530 950 856 0 665 501 924 93 497 782 870 902 0 155 730 0 661 908 390 0 457 196 591 156 520 413 0 564 457 193 472 233 315 867 446 434 473 834 11 310 87 823 472
174 379 589 0 495 753 170 844 321 235 311 790 255 923 0 217 626 258 0 743 263 573 916 0 845 920 295 651 143 854 666 734 315 668 464 0 786 902 528 0 270 0 238 723 627 453 635 530 331 771 635 775 180 397 963 378 78 530 950 856 550 0 501 924 93 0 0 870 902 812 155 730 0 661 908 0 957 457 196 591 0 520 413 827 564 457 193 472 233 315 867 0 434 473 834 0 310 87 0 472
174 379 589 337 495 753 170 844 0 0 311 790 255 923 149 217 626 0 0 743 263 573 916 709 845 920 295 651 143 854 666 734 315 668 464 651 786 902 528 159 270 135 238 723 627 0 635 530 331 0 635 775 0 397 963 378 78 530 950 856 550 665 501 924 93 497 782 870 902 812 155 730 760 661 908 390 957 457 196 591 156 0 413 827 564 0 193 472 233 0 867 446 0 473 834 11 310 0 823 0
174 379 589 337 495 753 170 844 321 235 311 790 255 923 149 217 626 0 0 743 263 573 916 0 845 920 295 651 143 854 666 734 315 668 464 651 0 0 528 159 270 135 238 723 0 0 635 0 331 771 635 775 180 397 963 0 78 530 950 856 550 665 501 924 93 497 782 870 902 812 155 730 760 0 0 390 957 457 196 591 156 520 413 827 564 0 193 472 233 0 867 446 434 0 834 11 0 87 823 472
13.02, 4.68, 10.65, 7.81, 7.25, 7.74, 6.69, 2.55, 9.34, 2.96, 18.88, 23.97, 17.12, 4, 20.8, 15.19, 17.93, 41.77, 2.84, 4.39, 3.21, 27.87, 38.17, 8.72, 13.99, 1.1, 0.4, 1.88, 5.22, 4.5, 9.75, 0.76, 8.64, 7.22, 3.06, 16.49, 16.36, 1.41, 0.56, 0.07, 16.81, 0.63, 1.99, 2.86, 2.23, 18.47, 8.14, 6.77, 7.06, 3.03, 6.71, 7.75, 47.45, 27.92, 16.3, 36.39, 4.24, 1.85, 3.24, 12.04, 6.54, 17.57, 7.01, 14.17, 5.54, 34.05, 2.62, 12.77, 0.9, 1.04, 0.57, 6.61, 7.71, 14.39, 0.37, 5.73, 3.55, 1.66, 17.04, 2.95, 0.17, 3.73, 22.42, 4.38, 32.58, 1.15, 3.58, 7.25, 5.29, 13.08, 13.37, 2.92, 0.43, 22.56, 2.56, 7.26, 1.57, 6.47, 1.39, 8.09,
10.91, 6.16, 12.85, 4.15, 12.98, 11.75, 14.79, 2.41, 3.17, 3.5, 10.67, 16, 3.54, 13.84, 21.58, 6.81, 8.22, 8.74, 6.75, 4.28, 3.3, 26.43, 1.79, 5.89, 2.45, 11.72, 19.57, 14.19, 7.33, 1.76, 13.06, 4.34, 4.31, 4.27, 3.36, 9.51, 10.17, 20.71, 6.06, 0.25, 6.3, 15.15, 1.1, 6.48, 8.23, 0.28, 23.02, 1.84, 6.06, 1.79, 20.91, 2.02, 3.18, 24.5, 2.44, 14.61, 10.76, 7.08, 1.81, 6.91, 10.19, 9.59, 16.65, 5.61, 0.01, 1.91, 16.8, 13.99, 7.17, 1.81, 2.75, 18.74, 1.53, 4.94, 3.93, 3.33, 0.39, 6.81, 17.99, 6.41, 1.23, 3.36, 6.81, 5.77, 4.23, 0.12, 26.73, 5.24, 6.85, 6.86, 0.38, 6.44, 2.12, 6.05, 0.98, 1.64, 6.55, 11.17, 2.96, 11.95,
7.0,7.0,7.0,7.0,7.0,8.0,8.0,8.0,8.0,8.0,9.0,9.0,9.0,9.0,9.0,10.0,10.0,10.0,10.0,10.0,11.0,11.0,11.0,11.0,11.0,12.0,12.0,12.0,12.0,12.0,13.0,13.0,13.0,13.0,13.0,14.0,14.0,14.0,14.0,14.0