100
0 396 0 0 32 0 0 0 0 0 0 0 144 0 0 0 0 534 0 0 0 628 0 0 0 480 0 0 0 0 0 375 0 0 0 0 0 0 0 0 0 0 403 0 0 0 0 0 0 0 154 0 699 0 510 0 0 0 0 670 0 0 0 0 0 0 0 0 0 0 0 24 0 0 800 0 0 0 0 0 0 0 0 242 0 0 0 0 0 0 0 0 0 0 0 0 0 0 0 0
0 0 0 116 32 0 0 0 0 0 0 0 0 485 0 932 820 0 0 0 0 628 0 0 0 0 0 0 298 0 0 375 0 0 0 0 187 0 513 0 0 112 0 0 741 0 0 0 0 0 0 308 0 0 0 0 0 0 0 670 0 0 0 0 0 897 0 0 0 280 0 0 0 0 0 0 0 583 0 0 881 0 0 0 0 0 0 0 0 0 0 0 179 0 0 0 0 456 0 0
0 0 0 0 0 0 0 0 762 0 0 0 0 0 0 0 820 0 0 0 0 0 0 0 0 480 0 0 0 0 0 0 0 0 0 0 0 0 0 742 0 0 0 0 0 0 0 0 0 0 154 0 0 0 0 0 0 0 0 0 0 0 0 0 99 0 0 641 0 0 0 0 0 0 0 0 0 0 0 0 0 0 0 0 608 0 0 0 658 0 0 733 0 0 685 0 0 0 128 32
0 0 455 0 32 0 0 0 0 0 0 0 144 0 0 0 0 0 0 546 0 0 105 193 842 0 0 0 0 0 0 375 0 126 159 0 187 0 0 742 0 0 0 0 0 0 0 0 936 0 0 0 0 0 0 0 0 0 0 0 0 0 0 0 0 897 0 0 0 0 0 0 178 971 0 0 0 0 73 802 0 0 0 0 0 0 0 0 0 0 0 0 0 0 0 0 543 0 128 32
0 0 0 0 32 0 0 0 0 744 0 0 0 0 0 0 0 0 0 0 0 0 0 0 0 0 0 0 0 227 0 0 0 0 0 0 0 0 0 0 0 0 0 0 0 0 0 500 0 0 0 0 0 0 510 0 0 317 0 0 0 0 0 0 0 0 0 0 0 0 0 0 0 0 0 0 261 0 0 0 0 0 0 0 0 0 0 43 658 0 0 0 0 0 0 0 0 0 0 0
0 0 0 116 32 0 0 0 0 0 0 962 144 0 0 0 0 534 0 0 0 0 0 0 0 0 0 0 0 227 0 0 0 0 0 0 0 0 0 0 337 0 0 0 0 0 0 0 936 0 0 0 0 0 0 0 0 0 0 670 0 0 0 45 99 0 0 0 0 0 0 0 0 0 0 0 0 0 0 0 881 0 12 0 0 0 0 0 0 0 274 733 0 0 0 0 0 0 128 0
533 0 0 0 0 24 0 0 0 0 0 0 144 0 565 0 0 0 0 0 0 0 0 0 0 0 0 0 298 0 0 0 0 126 0 0 0 0 0 0 0 0 0 0 0 0 587 0 0 0 0 0 0 0 0 0 0 0 0 670 747 249 0 0 0 0 0 0 0 280 0 0 0 0 800 0 0 0 0 0 0 0 0 0 0 0 0 0 0 231 274 0 0 0 0 0 0 0 128 0
0 396 0 0 0 0 0 0 0 0 99 0 0 0 565 0 0 0 0 546 0 0 0 0 0 0 0 0 298 0 0 0 0 0 0 0 0 0 0 0 0 0 0 0 0 0 0 0 0 0 0 0 0 763 0 0 0 0 0 0 0 0 0 45 0 0 0 0 0 0 0 0 0 0 0 0 0 0 0 0 0 0 0 242 0 0 0 0 0 0 0 0 0 0 0 0 543 0 0 0
0 0 0 0 32 0 78 0 0 0 99 0 144 0 0 932 0 0 0 546 0 0 105 0 0 0 0 0 0 0 0 0 0 126 0 0 0 0 0 0 0 0 0 0 0 0 0 0 0 0 0 0 0 0 0 0 0 0 0 0 0 0 0 45 0 897 0 0 0 0 945 0 0 0 0 0 0 0 0 0 0 890 0 0 608 0 709 0 0 0 0 0 179 0 685 0 0 0 0 0
0 0 0 116 32 0 0 0 0 0 99 0 0 485 0 0 0 0 0 0 0 628 0 0 0 0 0 0 0 0 0 375 0 0 0 0 0 0 0 0 0 0 0 0 741 0 0 0 0 0 0 0 0 763 0 0 0 317 0 0 0 0 467 0 99 0 616 0 0 0 0 0 0 0 0 0 0 0 0 0 0 0 12 0 608 0 709 0 658 231 0 733 179 0 0 0 0 0 0 0
0 0 0 0 0 0 0 0 0 0 0 0 0 0 0 0 0 534 0 546 0 628 0 0 0 0 0 0 0 0 0 0 0 126 159 0 0 0 0 0 337 0 403 0 0 0 0 0 0 0 154 0 0 0 0 228 0 0 0 0 0 249 0 0 99 0 0 0 0 0 0 24 0 971 0 0 0 0 0 0 0 0 0 0 0 0 0 0 658 231 0 733 0 0 0 0 0 0 0 0
0 0 0 0 0 0 0 0 0 0 0 0 144 0 0 0 0 0 0 0 0 628 0 0 0 0 0 0 0 0 0 0 0 0 0 0 0 665 513 742 0 0 0 0 0 0 0 0 0 0 0 0 0 0 0 0 167 317 0 0 0 0 0 0 0 897 0 0 0 0 945 24 0 0 0 1000 261 0 73 0 0 0 0 0 0 0 0 0 0 0 0 0 0 0 0 0 0 456 0 0
0 0 0 0 0 24 0 0 0 0 0 0 0 0 0 0 0 534 0 546 0 0 0 0 0 0 0 0 0 227 0 0 0 0 0 0 0 0 0 742 0 0 0 0 0 0 0 0 0 0 0 0 0 0 0 0 0 0 0 0 0 0 0 0 0 0 0 0 462 0 0 0 0 971 0 1000 0 0 73 802 0 0 0 242 0 0 0 0 0 0 0 0 0 386 0 0 0 0 128 0
0 0 0 0 0 24 0 0 762 744 0 0 144 0 0 932 0 0 0 0 0 628 0 0 0 0 777 0 0 0 0 0 0 0 0 0 0 0 0 0 0 0 0 0 0 0 0 0 0 0 0 0 0 0 0 0 0 0 0 0 0 0 0 0 0 0 0 0 0 0 0 0 0 0 0 1000 0 583 0 0 0 0 0 0 0 0 0 0 0 231 0 0 0 0 0 0 0 0 0 0
0 0 0 0 0 0 0 0 0 0 0 0 0 0 565 0 820 0 0 0 0 0 0 0 0 0 0 0 298 227 0 0 0 0 0 0 0 0 0 0 0 0 0 0 0 0 0 0 0 0 0 0 0 0 0 0 0 0 0 0 0 0 0 0 99 897 0 641 0 0 0 0 0 0 0 0 0 583 0 0 0 890 0 0 608 0 0 0 0 0 274 0 0 0 0 0 0 0 0 32
0 396 455 0 0 0 0 0 0 0 99 0 144 0 0 0 0 0 0 0 0 0 0 0 842 0 0 0 0 227 0 0 0 0 0 0 0 0 0 0 0 0 0 0 0 0 0 0 0 0 154 308 0 0 0 0 0 0 46 670 0 0 0 0 0 0 0 0 0 0 0 0 0 0 800 0 0 583 0 0 0 0 12 0 608 0 0 0 0 0 0 0 0 0 0 0 0 0 0 32
0 0 0 0 0 0 0 0 762 0 0 0 0 0 0 0 0 534 0 0 0 0 0 0 842 480 777 0 0 0 0 375 0 0 159 0 0 0 0 0 0 0 0 0 0 0 0 0 0 910 0 308 0 0 0 228 0 0 0 0 747 0 467 0 0 0 0 0 0 0 0 0 0 971 0 1000 0 0 0 0 881 0 0 242 0 0 0 0 658 231 0 0 0 0 685 0 0 0 0 0
0 0 0 116 0 0 78 0 0 0 0 0 0 0 0 0 0 0 0 0 797 628 0 0 0 0 0 0 0 0 621 0 0 0 159 0 0 0 0 0 0 0 0 0 741 0 0 0 936 0 0 0 0 0 0 0 0 0 0 0 0 249 0 0 0 897 0 0 0 0 0 0 0 0 0 0 0 0 0 802 0 890 0 0 0 0 0 0 658 0 0 0 0 0 685 0 0 0 0 0
533 0 0 0 0 0 0 0 0 0 99 0 0 0 0 0 0 0 0 0 797 0 0 193 0 0 0 0 0 0 0 0 0 0 0 0 0 665 0 0 0 0 403 0 741 0 0 0 936 0 0 308 699 0 0 228 0 0 0 0 0 0 0 0 0 0 0 0 0 0 0 0 0 0 0 0 261 0 0 0 0 890 12 0 0 0 0 0 0 0 274 0 0 0 0 416 0 0 0 0
0 0 0 116 0 24 0 0 0 0 0 0 0 0 0 0 820 0 0 546 0 628 105 0 0 480 0 0 0 0 0 0 0 0 0 0 0 0 0 0 337 0 0 0 0 0 0 500 936 0 154 0 0 0 0 0 0 0 0 0 0 0 0 0 0 0 0 0 0 0 0 0 0 0 0 1000 0 583 0 0 0 0 0 0 0 0 0 0 0 231 0 0 179 0 0 0 543 0 0 32
533 396 0 0 32 0 0 0 0 0 0 0 0 0 0 0 0 0 0 0 0 0 0 193 842 480 0 818 0 0 0 375 0 0 0 0 0 0 0 0 0 0 0 543 0 0 0 0 0 0 0 0 0 0 0 0 0 0 0 0 0 0 0 0 0 0 0 0 462 0 0 0 0 0 0 0 0 0 0 0 0 0 0 0 0 0 709 0 0 0 0 733 0 0 0 0 0 0 0 0
533 0 0 0 0 0 0 362 0 0 0 0 0 0 0 0 0 0 0 0 0 0 0 0 0 480 0 0 0 0 0 0 0 126 0 0 0 0 0 0 0 0 0 543 0 0 0 0 0 0 0 0 0 0 0 228 0 0 46 0 0 249 0 0 0 897 0 0 462 0 945 0 0 0 0 0 261 0 0 0 0 0 0 0 0 0 709 0 0 0 274 0 0 0 0 0 0 456 0 32
0 0 455 0 0 0 0 0 0 0 0 0 0 0 0 0 0 0 0 0 0 628 0 0 0 0 0 0 0 0 0 0 0 0 0 0 0 0 0 0 0 0 0 0 0 0 0 0 0 0 0 0 0 0 0 0 167 0 0 0 0 0 0 0 99 0 0 0 0 280 0 0 0 0 0 0 0 0 0 0 0 0 0 242 0 0 0 0 0 0 0 0 0 386 0 0 0 0 0 0
0 0 0 0 32 0 0 362 0 0 99 962 0 0 0 0 0 0 0 0 0 0 0 0 0 0 0 0 298 0 0 375 0 0 0 0 0 0 513 0 0 112 0 0 0 0 0 0 0 0 0 0 0 0 0 0 0 0 0 0 0 0 467 0 0 0 0 0 0 0 945 24 178 0 800 0 0 0 0 802 0 0 0 242 0 0 0 0 0 0 274 0 179 0 0 0 0 456 0 0
533 0 455 0 32 0 0 0 0 0 99 0 0 0 0 0 0 0 0 0 0 0 0 0 0 0 0 0 0 0 0 0 886 126 159 0 0 665 0 0 0 0 0 0 0 0 0 0 0 910 0 0 0 0 0 0 0 317 0 0 0 0 0 45 0 897 0 0 0 0 0 0 0 0 0 0 0 0 0 0 0 0 0 0 0 0 0 0 0 0 274 0 0 0 0 0 0 0 128 0
0 0 0 0 0 0 0 0 0 744 99 0 0 0 0 0 0 534 0 0 0 0 0 193 0 0 0 0 0 0 0 0 0 0 0 0 187 665 513 0 0 0 0 0 741 0 0 0 0 910 0 0 0 0 0 0 0 0 0 0 747 0 0 0 99 0 0 0 0 0 945 0 0 0 0 1000 0 0 0 0 0 0 0 0 608 363 709 0 0 0 0 0 0 0 0 0 0 0 0 0
0 0 0 0 0 0 0 0 762 0 99 0 0 0 0 0 0 0 385 546 797 0 105 0 0 0 0 0 0 0 0 0 0 0 159 0 0 0 0 0 0 0 403 0 0 0 0 0 0 0 0 0 699 0 0 0 0 0 0 0 0 0 0 0 0 0 0 0 462 0 0 0 0 0 800 0 0 0 0 0 0 0 0 0 0 0 0 43 0 0 0 0 0 0 0 0 0 456 0 0
0 396 0 0 32 0 0 0 0 744 0 0 0 0 0 0 0 0 0 0 0 0 0 193 842 0 0 0 0 0 621 0 0 0 0 639 0 665 513 0 0 0 0 0 741 0 0 0 0 0 0 0 699 0 0 228 0 0 0 0 0 0 0 0 0 0 0 0 0 280 0 24 0 0 0 0 261 0 0 0 881 0 12 0 0 0 0 0 658 0 0 0 179 0 685 0 543 0 0 0
0 0 0 0 0 0 78 362 762 0 0 0 144 0 0 0 820 534 0 0 0 628 0 0 0 0 0 0 0 0 0 0 0 0 0 0 0 0 0 0 337 0 0 0 0 0 587 0 0 0 0 0 699 0 0 0 0 317 46 0 747 0 0 0 0 0 616 0 0 280 0 0 0 0 0 0 0 0 0 0 0 0 12 0 0 0 0 0 0 0 0 0 0 386 0 0 0 0 0 0
0 0 0 0 0 0 0 0 0 744 0 0 144 0 0 0 0 534 0 0 0 628 0 0 0 0 777 0 0 0 0 0 0 0 0 0 0 0 0 0 0 112 0 0 0 0 0 0 0 0 0 0 0 0 0 228 0 0 0 0 0 0 0 0 0 0 0 0 0 0 0 24 0 0 0 0 0 0 0 0 0 0 0 0 0 0 0 0 0 0 0 0 0 0 0 416 0 0 0 0
0 396 0 0 0 0 0 0 0 0 0 962 0 0 0 0 0 0 385 546 0 0 105 0 0 0 777 0 0 0 0 0 0 0 0 0 0 665 0 0 0 112 0 0 0 0 587 0 936 0 0 0 699 0 0 0 0 317 46 0 747 0 0 0 0 0 0 0 0 280 0 0 0 0 0 0 0 0 0 0 0 0 0 0 0 0 0 0 0 0 0 0 0 0 0 0 0 0 0 32
0 0 0 0 0 0 0 0 0 0 0 0 0 0 0 0 0 0 0 0 0 0 105 0 0 0 777 818 0 0 0 0 0 0 0 0 0 0 0 0 0 0 0 0 0 0 0 0 936 0 0 0 0 763 0 0 0 0 46 0 0 0 0 0 0 0 0 641 0 0 0 0 0 0 0 0 0 0 73 0 0 890 0 0 0 0 0 0 0 0 0 0 0 0 0 0 0 0 0 0
0 0 0 0 0 0 0 0 0 0 0 0 0 0 0 0 0 0 385 546 0 0 0 0 0 0 0 0 0 0 0 0 0 126 0 0 0 0 0 0 337 0 0 0 0 0 0 500 0 910 0 0 0 0 0 0 0 0 0 0 0 0 467 0 0 0 0 641 0 0 0 0 0 0 0 1000 0 0 0 802 0 0 12 0 0 0 0 0 0 0 0 0 0 0 0 0 0 0 0 0
0 0 0 116 0 0 0 0 0 0 99 0 0 485 565 0 0 534 0 0 0 0 0 0 0 480 0 0 0 0 0 0 886 0 0 0 0 665 0 0 0 0 403 0 0 0 0 0 0 0 0 0 0 0 0 0 0 317 0 0 0 0 0 0 0 0 0 0 462 0 0 0 0 0 800 1000 0 0 0 802 0 0 0 0 0 0 0 0 0 0 0 0 0 0 0 0 0 456 0 0
0 0 0 0 0 0 0 362 0 0 0 0 0 0 0 0 0 0 385 0 0 0 0 0 0 0 777 0 298 0 0 375 0 0 0 0 0 0 0 0 0 0 0 0 0 0 0 500 0 0 0 0 0 763 0 0 0 0 46 0 0 0 0 45 0 0 0 0 0 280 945 0 0 0 0 0 261 0 0 0 0 0 12 242 0 363 0 0 0 0 0 733 179 0 0 0 0 0 128 0
0 0 0 0 0 0 0 0 0 0 0 0 0 0 0 0 0 0 0 546 0 0 0 0 0 0 777 0 0 0 0 0 0 0 0 0 0 0 0 0 0 0 0 0 741 0 587 0 0 910 0 0 0 763 0 0 0 317 0 0 0 0 0 0 0 0 0 0 0 0 0 0 0 0 0 0 0 0 0 0 0 0 0 242 0 0 0 0 0 0 0 733 0 0 0 0 543 0 0 0
0 396 0 0 0 0 0 0 0 0 0 0 0 485 0 0 0 0 0 0 0 0 0 0 0 0 777 0 0 0 0 0 0 0 0 0 0 0 0 742 0 112 0 0 0 0 0 0 0 0 0 0 0 0 0 0 0 0 46 670 0 0 0 0 0 897 0 641 0 0 0 0 0 0 0 1000 261 0 0 0 0 0 0 0 0 0 0 0 0 0 0 0 0 0 0 0 543 0 0 0
0 0 0 0 0 0 0 0 762 744 0 0 0 0 0 0 820 534 0 0 0 628 0 0 842 0 0 0 0 0 0 0 0 0 0 0 187 665 0 0 337 0 403 0 741 0 0 0 0 0 0 0 0 0 0 0 0 317 46 0 747 0 0 0 0 0 0 0 0 0 0 0 0 0 0 1000 0 0 0 0 0 0 0 0 0 0 0 0 0 0 0 0 0 0 0 416 0 0 0 0
0 0 455 0 32 0 0 362 762 744 99 0 0 0 0 0 820 0 0 0 0 628 0 0 0 0 0 0 0 227 0 0 0 0 0 639 0 0 0 0 0 0 0 0 0 0 0 0 0 0 0 0 0 0 510 0 0 0 0 0 0 249 0 45 0 0 0 0 0 0 0 0 0 0 0 0 0 0 0 0 881 0 0 0 0 0 0 0 0 231 0 0 0 0 0 0 543 0 0 0
0 0 0 0 0 0 0 0 0 0 0 0 0 0 0 0 820 534 0 0 0 0 0 0 0 0 0 0 0 0 0 0 886 0 0 0 0 0 0 0 0 0 0 0 0 0 0 0 936 910 0 0 699 0 510 0 0 0 0 0 0 0 0 0 0 0 0 0 0 0 0 0 0 0 0 0 0 0 73 0 881 0 0 0 608 0 0 0 0 0 0 0 0 0 0 0 0 0 0 0
0 0 0 0 0 0 0 0 0 0 0 0 0 0 0 0 0 0 0 0 0 0 0 0 0 0 777 0 0 0 0 0 0 0 0 0 0 0 0 0 0 0 0 0 741 0 0 0 936 0 0 0 0 0 0 0 0 0 0 0 0 249 0 0 0 0 0 0 0 0 0 0 0 0 0 0 261 0 0 0 0 0 0 0 0 363 0 0 0 0 0 733 0 0 0 0 0 0 0 0
0 0 0 0 32 24 0 0 0 0 99 0 144 0 0 932 820 0 0 546 0 0 105 0 0 0 0 0 0 0 0 0 0 0 0 639 187 665 513 0 337 0 0 0 0 173 0 0 0 0 0 0 0 0 0 0 0 0 0 0 0 0 0 0 0 0 0 0 0 0 0 0 0 0 800 0 0 0 0 0 0 0 0 0 608 0 0 0 0 0 0 0 0 0 0 0 0 456 0 0
0 0 0 0 32 0 0 0 0 0 99 0 0 0 0 0 0 0 0 0 0 0 105 0 0 0 0 0 0 227 0 0 0 0 0 0 0 0 0 0 0 0 0 0 0 0 0 500 0 0 0 308 699 763 510 0 167 317 0 0 0 0 467 45 0 0 0 0 462 0 0 0 0 0 0 0 0 0 0 802 0 0 12 0 0 0 0 0 0 0 0 0 0 0 0 416 543 0 0 0
0 0 0 0 0 0 0 0 0 0 99 962 0 0 0 932 0 534 0 0 797 0 105 0 0 0 0 818 0 0 0 0 0 0 0 0 0 0 0 742 0 0 403 0 0 0 0 0 0 0 0 0 0 0 0 0 0 0 0 0 747 0 0 0 0 0 0 0 0 0 0 0 0 0 0 0 0 0 0 0 0 0 12 0 0 0 0 0 0 0 0 0 0 0 0 0 0 0 0 0
0 396 455 116 0 0 0 362 762 0 0 962 0 0 0 0 0 0 0 0 0 0 0 0 0 480 777 0 0 0 0 0 0 0 0 0 0 0 0 0 0 0 403 543 0 0 0 0 0 0 0 0 0 0 0 0 167 0 0 0 0 0 0 0 0 0 0 0 0 0 0 0 0 0 0 0 0 0 0 802 0 890 0 0 0 0 0 0 0 0 0 0 0 386 0 0 0 0 0 0
533 0 0 0 0 0 0 0 762 0 0 0 0 0 0 0 0 0 0 0 0 0 0 0 0 0 777 0 298 0 621 0 0 0 159 0 0 0 0 0 0 0 403 0 0 0 0 0 0 0 0 0 0 0 0 0 0 0 0 0 0 0 0 45 0 0 0 641 0 0 0 0 0 0 800 0 0 0 0 0 881 0 0 0 0 0 709 0 0 0 0 0 0 0 0 0 0 0 0 0
0 0 0 116 0 0 0 0 0 0 0 0 0 0 0 0 0 0 0 0 0 0 0 0 842 0 0 0 0 0 0 0 0 0 159 0 0 665 0 0 0 112 0 0 0 0 0 0 0 0 0 0 699 0 0 228 0 0 0 0 0 0 0 0 99 0 0 641 0 0 0 0 0 0 0 0 0 0 0 0 0 890 0 0 0 0 0 0 658 0 0 733 0 0 0 0 0 0 0 0
0 0 0 0 0 0 0 0 0 0 99 962 0 0 0 0 0 0 0 0 797 0 0 193 0 0 0 818 0 227 0 0 886 0 0 0 0 0 0 0 0 0 0 543 0 0 0 0 0 0 0 0 0 0 0 0 0 317 0 0 0 0 0 0 99 897 616 0 0 0 0 0 0 0 0 0 0 0 0 0 0 890 0 0 0 0 0 0 0 0 0 0 179 0 0 0 0 0 0 0
0 0 0 0 0 0 0 0 0 0 0 962 0 0 0 932 0 0 0 0 0 0 0 0 0 480 0 0 0 0 0 0 0 0 0 0 0 0 0 0 0 0 403 0 0 0 0 0 0 0 0 0 0 763 0 0 167 0 0 0 0 0 0 0 0 0 0 0 0 0 0 0 0 971 0 0 0 0 0 802 0 0 0 0 0 0 0 0 0 0 0 0 0 386 0 0 0 0 0 0
0 0 0 0 0 0 0 362 0 0 0 0 0 0 0 0 0 534 0 0 0 628 0 0 0 0 0 0 0 0 0 0 0 0 0 639 0 0 0 0 0 112 0 0 0 0 0 0 0 0 0 0 0 0 0 228 0 0 0 670 0 0 467 0 0 0 0 0 0 0 945 0 0 0 0 0 0 0 73 802 0 890 0 0 0 363 0 43 0 0 0 0 0 0 0 0 0 456 0 0
0 0 0 0 32 0 0 362 0 0 0 0 0 0 0 0 0 0 0 0 0 0 105 0 0 0 0 0 298 0 0 0 886 0 0 0 0 0 0 0 0 0 0 0 0 0 0 500 936 0 154 0 0 0 0 0 0 0 0 0 747 0 467 0 0 897 616 0 0 280 0 0 0 971 0 0 0 0 73 802 0 890 12 0 0 0 0 0 0 0 0 0 179 0 0 0 0 456 0 0
0 0 0 0 0 0 0 0 0 744 0 0 0 0 0 0 0 534 0 0 0 0 105 0 842 0 0 0 0 0 0 0 0 0 0 0 187 0 0 0 0 0 403 543 0 0 0 500 0 910 0 0 0 763 0 228 0 0 0 0 0 0 0 0 0 0 0 641 462 0 0 0 0 0 0 0 0 583 73 0 0 0 0 0 0 363 0 0 0 0 0 733 179 0 0 416 0 0 0 0
0 0 0 0 32 0 0 0 0 0 0 0 0 0 0 0 0 0 0 0 0 0 0 0 842 0 0 0 0 0 621 375 886 0 0 0 187 0 0 0 0 0 0 0 0 0 0 0 0 0 0 308 699 0 0 228 0 0 46 670 0 0 0 0 0 0 616 0 0 0 0 0 178 0 0 0 0 583 0 0 881 0 0 0 0 363 0 0 0 0 0 0 0 386 0 0 543 0 128 32
0 396 0 0 0 0 0 0 762 0 0 0 0 485 0 0 0 0 0 0 0 0 0 193 0 0 0 0 0 0 0 0 886 126 159 0 0 0 0 0 337 0 0 0 0 0 587 500 0 0 0 0 0 0 0 228 0 0 0 0 747 0 0 0 0 0 616 0 0 0 0 0 0 0 0 0 0 0 0 0 0 0 12 0 0 0 0 0 0 0 274 0 0 0 0 0 0 0 0 0
0 0 455 0 0 0 0 0 762 0 0 0 144 0 0 0 0 0 0 0 797 0 0 0 842 0 0 0 0 0 621 375 886 0 0 0 0 0 0 0 0 0 0 543 0 0 0 0 0 0 0 0 699 0 0 0 0 0 0 670 0 0 0 45 99 0 0 641 0 0 945 24 0 971 0 0 0 0 0 802 0 0 0 0 0 0 0 0 658 0 0 0 0 386 685 416 0 0 0 0
0 0 0 0 32 0 0 362 0 0 0 0 0 0 565 0 0 0 0 0 0 0 0 0 0 0 0 0 0 0 0 0 0 0 159 0 0 0 0 0 0 112 403 0 0 173 0 0 0 0 0 0 0 0 0 0 0 0 0 0 0 0 0 45 99 0 0 0 0 0 0 0 0 0 0 0 0 0 0 0 0 0 0 0 0 0 0 0 0 0 274 0 0 0 685 0 0 0 0 0
0 0 455 0 0 0 0 362 0 0 0 0 0 485 0 932 820 0 385 0 0 0 0 193 0 0 0 0 0 0 0 0 0 0 0 0 0 0 0 742 0 0 403 0 0 0 0 0 936 910 0 0 699 0 0 0 167 0 0 0 0 0 0 0 0 0 616 0 0 0 0 0 178 0 0 1000 0 0 73 802 0 0 12 0 0 0 0 0 0 0 0 733 179 0 0 0 0 0 0 0
0 0 0 116 0 0 78 0 0 744 0 0 0 0 0 0 0 0 385 0 0 0 0 0 842 0 0 0 0 227 0 0 0 0 0 0 0 0 0 0 0 0 0 543 0 0 0 0 0 0 0 0 699 0 0 0 0 0 0 0 0 249 467 0 0 0 0 0 0 0 0 0 178 0 0 0 0 0 0 0 881 0 0 0 0 0 0 0 0 0 0 0 0 0 0 0 0 456 128 0
0 0 0 116 0 0 0 0 0 0 0 0 0 0 0 0 0 0 385 0 0 0 0 0 0 480 777 0 0 0 0 0 0 0 0 639 0 0 513 0 0 0 403 0 0 0 0 0 0 910 0 0 0 0 0 228 167 0 46 0 0 0 0 0 0 0 0 0 0 0 945 0 178 0 800 0 261 0 0 0 0 0 0 242 0 0 0 0 0 0 0 733 0 0 0 0 0 0 128 0
0 0 0 0 0 0 78 0 0 0 0 0 0 0 0 932 0 0 385 0 0 0 0 0 0 480 0 0 0 0 621 0 0 0 0 0 0 0 0 0 337 0 0 0 741 173 0 0 0 0 154 0 0 0 0 0 0 0 0 0 0 0 0 0 0 897 616 0 0 280 0 0 0 0 0 1000 261 0 0 0 0 0 0 0 0 0 709 0 0 0 0 0 0 0 0 0 0 0 0 0
0 0 0 116 0 0 0 362 0 0 0 0 144 0 565 0 820 534 0 0 0 628 0 0 0 0 0 0 0 0 0 375 0 0 0 0 0 0 513 0 0 0 0 0 0 0 0 0 0 0 0 0 0 0 0 0 0 317 0 0 0 0 0 45 99 0 616 0 0 0 0 24 0 0 0 0 0 0 73 0 0 0 0 0 608 0 0 0 0 0 274 0 0 386 0 0 0 0 0 0
533 0 0 0 0 0 0 0 0 0 0 0 144 485 0 932 0 0 0 546 0 0 0 0 842 0 777 0 0 0 0 0 0 0 0 639 0 0 0 0 0 0 403 0 0 173 0 0 936 0 0 0 0 0 0 0 0 0 0 0 0 249 0 0 99 0 616 0 0 0 0 24 0 0 0 0 0 583 0 0 0 0 0 242 608 0 709 0 658 0 0 733 0 0 685 0 0 0 0 0
0 0 0 0 0 0 0 362 762 0 0 0 0 0 0 0 0 0 0 0 0 0 0 0 0 0 0 0 0 0 0 0 0 0 0 0 0 0 0 742 0 0 0 543 741 0 0 500 0 0 0 0 0 0 0 0 0 0 46 0 0 0 0 0 99 0 0 0 0 280 0 0 178 0 0 0 261 0 0 0 0 890 0 0 0 0 0 0 0 0 274 0 0 386 0 0 0 456 0 0
0 0 0 0 0 0 78 0 0 0 0 0 0 485 565 0 0 534 0 0 0 0 0 0 0 0 0 0 0 0 621 0 0 0 0 0 0 665 0 0 0 0 0 0 0 0 0 0 0 0 0 0 0 0 0 0 0 0 0 0 0 0 0 0 99 0 0 0 0 0 0 0 0 0 0 1000 0 0 0 0 0 0 0 0 608 0 0 0 0 0 0 0 0 0 0 416 0 0 0 0
0 0 0 0 0 24 0 0 0 744 0 0 0 0 0 0 0 0 0 546 0 0 105 0 0 0 0 0 0 227 0 375 0 0 0 0 0 0 0 0 337 0 0 0 0 0 0 0 936 0 0 0 0 0 510 0 167 317 46 0 0 0 0 0 0 0 0 641 0 0 0 0 0 0 0 0 261 0 0 0 0 0 0 0 0 0 709 0 0 0 0 733 0 0 0 0 543 456 0 0
533 0 0 0 0 0 0 0 0 0 0 0 0 0 0 0 0 0 0 0 0 628 0 0 0 0 0 0 0 0 0 0 0 0 0 0 0 0 0 0 0 0 0 0 741 0 0 0 0 0 154 0 699 0 0 0 0 317 0 0 0 249 0 0 0 0 0 0 0 280 0 0 0 0 0 0 0 583 0 0 0 0 0 0 608 0 0 0 0 0 274 0 0 386 0 0 0 0 128 0
0 0 0 0 0 0 0 0 0 744 0 0 0 0 0 0 820 534 0 0 797 0 0 0 0 0 0 0 0 0 0 0 0 126 0 0 0 0 0 0 337 0 0 0 741 0 0 0 0 0 0 0 0 0 510 0 0 0 46 0 0 0 467 0 0 0 0 0 0 0 0 0 0 0 0 0 0 0 0 802 0 0 0 0 0 0 0 43 0 231 0 0 0 386 0 0 0 0 0 32
0 396 0 116 0 0 0 0 0 0 99 0 0 0 0 0 820 534 385 546 0 0 0 0 842 0 0 0 0 0 0 0 0 0 0 0 0 0 0 742 0 0 0 0 0 0 0 0 0 0 0 0 0 0 510 0 167 0 0 0 0 0 467 0 0 0 0 0 462 0 0 0 0 0 0 1000 0 583 0 0 0 0 0 0 0 0 709 0 0 231 0 733 0 0 0 0 0 0 0 0
533 0 0 0 0 0 0 0 0 0 0 0 0 0 0 0 0 0 0 0 797 0 0 193 842 0 777 0 0 0 0 0 0 0 0 0 187 0 0 0 0 0 0 0 741 0 0 0 0 0 0 0 699 0 510 0 0 0 0 0 0 0 0 0 99 0 616 0 0 0 0 24 178 0 0 0 0 0 73 0 0 890 12 0 608 0 709 43 0 0 0 0 0 0 0 0 543 0 0 0
0 0 0 116 32 0 78 0 0 0 0 0 0 0 0 0 0 0 0 0 0 0 105 0 0 0 0 818 0 227 0 0 0 126 0 0 0 0 0 742 0 0 0 543 0 0 0 0 0 0 0 308 0 0 0 0 0 0 0 0 747 0 0 0 0 0 616 0 0 0 0 0 0 0 0 0 0 583 0 0 0 0 0 0 608 0 0 0 0 0 0 0 0 0 0 0 543 0 0 0
0 0 0 0 0 0 78 0 0 744 0 0 0 0 0 0 0 0 0 0 0 0 0 0 0 0 0 0 298 0 621 0 0 126 159 0 0 665 0 0 0 0 403 0 0 0 0 500 0 910 0 0 0 0 0 228 167 317 0 0 0 249 0 0 0 0 0 0 0 0 0 0 0 0 0 0 261 0 0 0 0 0 12 242 0 0 0 0 658 231 274 0 0 0 0 0 0 0 0 0
0 396 455 0 0 24 0 362 762 0 0 0 0 0 0 0 0 0 0 0 797 0 105 0 0 0 0 0 0 0 0 0 0 0 0 0 0 0 0 0 0 0 0 0 0 173 0 0 0 0 154 0 0 0 0 0 0 0 0 670 0 0 0 0 0 0 0 0 0 0 945 0 0 0 0 0 0 583 0 0 0 0 0 0 0 0 0 0 0 0 0 0 0 386 0 0 543 0 0 32
533 0 0 0 0 0 0 0 0 744 99 0 0 0 0 0 820 0 385 0 797 0 0 0 842 0 0 818 298 0 0 0 0 0 0 0 187 0 0 0 0 0 0 0 0 0 0 0 0 0 0 0 0 0 510 228 0 0 0 0 0 0 467 0 0 0 616 0 0 0 0 24 0 971 0 0 0 0 0 0 0 0 0 0 0 0 0 0 0 0 0 0 0 386 0 416 0 0 0 0
0 0 0 0 32 0 0 0 0 0 0 0 0 0 0 0 0 0 0 546 0 0 105 0 0 480 0 0 0 0 0 0 0 0 159 0 187 0 0 0 0 0 0 0 0 0 0 500 0 0 154 308 0 0 0 0 0 0 0 670 0 0 0 0 0 0 0 0 0 0 0 0 0 0 0 0 0 0 0 0 0 0 0 0 0 0 0 0 658 0 0 0 0 0 685 0 0 0 128 0
0 0 455 0 0 0 0 0 0 744 0 962 0 0 0 0 0 0 0 0 0 628 0 0 0 0 777 0 0 0 621 0 0 0 0 0 0 0 0 0 0 0 0 0 0 173 0 0 0 0 0 0 0 0 0 0 0 317 0 0 0 249 467 45 0 0 0 0 0 0 0 24 178 0 0 0 0 0 0 0 0 0 0 0 0 363 0 0 658 0 0 0 0 0 0 0 0 0 0 0
0 0 455 0 32 0 0 0 0 0 0 0 0 0 565 0 0 0 0 546 0 0 0 0 0 480 0 818 0 0 0 0 0 0 0 639 0 0 0 0 0 0 0 0 0 0 0 0 936 910 0 0 0 763 0 0 167 0 0 0 0 0 467 0 0 0 0 0 462 0 0 24 0 0 0 1000 0 0 0 0 0 0 0 0 0 0 0 0 0 0 0 733 0 0 0 0 0 0 0 0
0 0 0 116 0 0 0 0 0 0 0 0 0 0 0 0 0 534 0 0 0 0 0 0 0 0 0 0 0 0 621 375 0 0 159 0 187 0 0 0 0 0 0 0 0 0 0 0 0 0 0 0 0 0 0 0 167 0 0 0 0 0 0 45 0 0 0 0 462 0 945 0 0 0 0 0 0 0 73 0 0 0 12 0 0 0 0 0 0 0 0 0 0 0 0 0 0 0 128 0
533 396 0 116 32 0 0 0 0 0 0 0 0 485 0 0 0 0 0 0 0 0 0 193 0 0 0 818 298 0 621 0 0 0 159 0 0 665 0 0 0 112 0 0 0 0 587 0 936 0 0 308 0 763 510 0 0 0 0 0 0 0 0 0 99 897 0 0 0 280 0 24 0 0 0 0 0 583 0 0 881 0 0 242 0 0 0 0 0 0 274 0 0 0 0 0 0 0 0 0
0 0 455 0 0 24 0 362 762 744 0 0 0 0 0 0 0 534 0 0 0 0 0 0 0 0 0 0 0 227 0 0 0 0 0 639 0 0 0 0 0 0 0 0 0 0 587 0 0 0 0 0 0 763 0 0 0 0 0 0 0 0 0 0 0 897 0 0 0 0 0 0 0 0 800 0 0 0 0 0 0 890 0 0 0 363 0 0 0 0 274 0 0 386 0 0 0 0 0 32
0 0 0 0 0 0 78 0 762 0 99 0 0 0 565 0 0 0 0 0 797 0 0 0 0 0 0 818 0 0 0 0 0 0 0 639 0 0 0 742 337 0 0 0 0 0 0 0 0 0 154 0 0 0 0 228 167 0 46 0 0 0 0 0 0 0 0 0 0 0 0 0 0 0 0 0 0 0 0 0 881 0 0 0 0 0 0 0 0 0 0 0 0 386 0 0 0 0 0 0
0 0 0 0 32 0 0 0 0 0 0 0 0 485 0 0 0 0 0 0 0 0 105 0 0 0 0 0 0 0 0 0 0 0 0 0 187 0 513 0 0 0 0 0 0 0 0 0 0 0 0 0 0 0 0 0 0 0 0 0 747 0 0 45 99 0 0 0 0 0 0 0 0 0 0 0 0 0 0 0 0 0 0 242 0 0 0 0 0 0 0 0 0 0 0 0 0 456 0 0
0 396 0 116 32 0 0 362 762 0 0 0 0 485 0 0 0 0 0 0 0 0 0 0 0 0 0 0 0 0 621 0 0 0 0 0 187 0 0 0 0 0 0 0 0 0 0 0 0 0 0 0 0 0 0 0 0 0 0 0 0 249 0 0 0 0 616 0 0 0 0 0 0 0 0 0 0 0 0 0 0 0 0 0 0 0 0 0 0 0 0 0 179 0 0 0 0 0 0 0
0 0 0 0 32 0 78 0 762 744 0 0 0 0 0 0 0 0 0 0 0 0 105 0 0 0 0 0 0 227 0 0 0 0 0 0 0 0 0 0 0 112 403 0 0 0 0 0 0 0 0 0 699 763 0 0 167 0 46 0 747 0 467 0 0 0 0 0 0 0 945 0 0 0 800 0 0 0 0 0 0 0 12 0 0 0 0 0 658 0 0 0 0 0 0 0 0 0 0 0
0 0 455 0 0 0 0 0 0 0 0 0 0 485 0 0 820 0 0 0 0 0 0 0 0 0 0 0 0 0 0 0 0 0 0 0 187 0 0 0 0 0 0 0 0 0 0 0 936 0 0 0 699 0 0 228 0 317 0 0 747 0 0 0 0 0 0 0 462 0 0 0 0 0 0 0 0 0 0 0 0 0 0 0 0 0 0 0 0 0 274 0 0 0 0 0 0 0 128 0
0 0 0 0 32 0 0 0 762 0 0 0 0 0 0 0 0 0 385 0 0 628 0 0 0 0 0 0 298 0 0 0 0 0 0 0 0 0 0 0 0 112 0 0 0 173 0 0 0 0 0 0 0 0 0 0 0 0 0 0 747 0 0 0 0 0 0 0 0 0 0 0 0 0 0 0 0 0 0 0 0 0 0 0 0 0 709 0 0 0 274 0 0 0 0 0 0 0 0 0
0 396 0 0 0 0 0 0 0 744 0 0 0 0 0 0 0 534 0 0 0 0 0 0 0 480 0 818 0 0 0 0 0 0 0 0 0 665 0 0 337 112 0 0 0 0 0 500 0 0 0 0 0 763 0 0 0 0 0 0 747 0 0 0 0 0 0 0 0 0 0 0 0 0 0 0 0 583 73 802 0 0 0 0 0 0 0 0 0 231 0 0 179 0 0 0 0 0 0 0
0 396 0 0 0 24 0 0 0 0 0 0 0 0 565 0 0 534 385 0 0 0 0 193 0 0 0 0 298 0 0 0 0 0 0 639 0 0 0 742 0 112 0 0 0 0 0 0 0 0 0 0 699 0 0 0 167 0 0 0 0 0 0 45 0 0 0 641 0 0 0 0 0 0 0 0 261 0 0 0 881 0 0 0 0 0 709 43 0 0 0 0 0 0 0 0 0 0 128 0
0 0 0 0 0 0 0 0 0 744 0 962 0 0 0 0 0 0 0 0 0 628 105 0 0 0 0 0 0 0 0 0 0 0 0 0 0 0 0 0 337 0 0 543 0 173 587 0 0 0 0 0 0 0 0 0 167 0 0 0 0 0 0 0 0 0 0 0 0 0 0 0 0 0 0 0 0 0 0 0 0 0 0 0 0 0 0 0 658 0 0 0 179 0 685 0 0 0 0 32
0 0 0 0 0 0 0 0 0 0 0 0 0 0 565 0 0 0 385 0 0 0 0 193 0 480 0 818 0 0 0 0 0 126 0 639 0 665 0 0 0 112 403 0 741 0 0 0 936 0 0 0 0 0 0 0 0 0 0 0 0 0 0 0 0 0 0 0 0 0 0 24 0 0 0 1000 0 0 0 0 0 0 0 0 0 0 0 43 658 0 274 733 0 0 0 0 0 0 0 0
0 0 0 116 0 0 0 0 0 0 0 0 0 0 0 0 0 0 0 0 0 0 0 0 0 0 777 0 0 0 621 0 0 0 0 639 0 0 0 0 0 0 403 0 0 0 0 0 936 0 0 0 0 0 0 0 0 0 0 0 0 0 0 0 0 0 616 641 0 0 945 0 0 0 0 0 0 0 0 0 0 0 12 0 0 363 0 0 0 0 0 0 0 0 0 0 543 0 0 0
0 0 455 0 0 0 0 0 0 744 0 0 0 485 0 0 820 0 0 0 797 0 0 0 0 0 777 0 0 0 0 0 0 0 0 0 0 0 0 0 0 0 0 0 741 0 0 0 936 0 0 0 0 0 0 0 0 0 0 0 0 249 0 0 0 897 0 0 462 0 0 0 0 0 0 0 0 0 0 0 0 0 0 0 0 0 0 0 0 0 0 0 0 0 0 0 0 0 0 0
0 0 0 116 0 24 0 0 0 0 0 0 0 0 0 0 0 0 0 0 0 628 0 0 842 0 0 0 0 0 0 0 0 0 0 639 0 0 0 742 0 112 0 0 741 0 587 0 0 0 0 0 0 763 0 0 0 0 0 0 747 0 0 45 0 897 0 0 0 0 0 24 0 0 0 0 0 0 0 0 881 0 12 0 0 363 0 0 0 0 0 0 0 0 0 0 0 0 0 0
0 396 0 0 0 0 78 0 0 0 0 0 0 0 0 932 0 0 0 0 0 628 0 0 0 0 0 0 0 0 0 0 0 0 0 0 0 0 0 0 337 0 403 0 0 0 0 0 0 910 0 0 0 0 0 0 0 317 0 0 0 249 0 0 0 897 0 0 0 0 0 0 178 0 0 0 0 0 0 0 0 0 0 242 0 0 0 0 0 0 0 0 0 0 0 416 543 0 0 0
0 0 0 116 0 0 0 0 0 0 0 0 0 0 0 0 0 0 0 0 0 0 0 0 0 0 0 0 0 0 0 0 0 0 159 0 0 0 0 0 0 0 403 0 0 0 0 0 0 0 0 0 699 0 0 0 0 0 0 0 0 0 0 0 0 0 0 0 0 280 0 0 178 0 0 0 0 583 73 0 0 0 0 0 608 0 0 0 0 0 0 0 179 0 0 0 0 0 0 0
0 0 0 0 32 0 78 362 0 0 0 0 0 0 565 0 0 534 0 0 0 0 0 0 0 0 0 0 0 227 0 0 0 0 0 0 0 0 0 742 0 0 0 0 0 0 0 0 0 0 0 0 699 0 0 228 167 0 0 0 0 0 0 0 0 0 0 0 0 0 0 0 0 0 0 0 261 583 0 0 0 0 0 0 0 0 0 0 0 231 274 733 0 0 0 0 0 0 128 0
0 0 0 116 0 0 0 0 0 744 0 0 144 0 565 0 0 0 385 0 0 0 0 0 0 480 0 818 0 0 0 375 886 0 0 0 0 0 0 0 0 0 0 543 0 0 0 500 0 910 0 0 0 0 0 0 0 0 0 0 0 0 0 0 0 0 0 0 0 0 0 0 178 971 0 0 0 0 0 0 0 890 12 242 0 0 0 0 658 231 0 0 0 0 0 0 543 0 0 32
0 396 0 0 0 0 0 0 0 0 0 0 0 485 0 0 0 0 385 0 0 628 0 0 0 0 0 818 0 0 0 0 0 0 0 0 0 0 0 0 0 0 0 0 0 0 0 0 0 0 0 0 0 0 0 228 0 0 0 670 0 0 467 0 0 0 0 0 0 0 0 0 0 0 0 0 261 0 0 0 0 0 12 0 0 0 0 0 0 0 0 0 0 0 0 416 0 0 0 32
0 0 0 0 0 0 0 0 0 0 0 0 0 0 0 0 0 0 0 0 797 0 0 0 0 0 0 818 0 0 0 0 0 0 0 0 0 0 0 0 0 112 0 0 0 0 0 0 0 0 0 0 0 0 0 0 0 0 0 670 0 0 0 0 0 0 0 641 462 0 0 24 178 0 0 0 0 583 0 0 0 0 0 0 0 363 0 0 0 0 0 0 0 0 0 0 543 0 0 32
0 0 0 0 0 24 0 0 762 0 99 962 0 0 0 932 0 0 0 0 797 628 0 0 0 0 0 818 0 0 621 0 0 0 0 0 187 0 0 0 337 0 0 543 0 0 0 0 936 0 0 0 0 0 0 228 167 0 46 0 0 0 0 0 0 0 0 0 0 0 0 0 0 0 0 0 0 0 73 802 0 0 0 0 0 0 0 0 0 0 0 0 0 386 0 0 0 0 0 0
0 0 0 0 0 0 0 362 0 0 0 0 0 0 0 0 0 0 0 0 0 0 0 0 0 0 0 0 298 0 0 0 0 0 0 639 0 0 0 0 337 0 0 0 0 0 0 0 0 0 154 0 0 0 0 0 0 0 0 670 0 0 0 45 0 897 0 0 0 0 0 0 0 0 0 0 0 583 0 0 0 0 12 0 0 0 0 0 0 0 0 0 0 0 0 416 0 0 0 0
0.16, 9.31, 1.29, 2.54, 1.34, 1.22, 1.4, 1.12, 6.67, 0.77, 0.17, 5.25, 2.62, 0.05, 1.04, 1.78, 10.84, 4.81, 0.54, 12.15, 0.46, 4.19, 4.57, 1.17, 3.48, 0.55, 1.49, 2.85, 2.75, 1.89, 1.4, 0.01, 0.37, 10.57, 0.88, 0.13, 3.44, 14.08, 0.51, 0.78, 5.48, 7.29, 2.57, 9.46, 14.29, 0.23, 4.77, 4.08, 2.84, 0.21, 5.61, 0.76, 2.55, 6.75, 1.16, 2.26, 2.6, 7.89, 2.74, 2.97, 5.2, 3.54, 0.91, 6.39, 2.46, 0.09, 6.07, 1.19, 1.48, 8.17, 0.74, 0.04, 0.62, 0.54, 3.9, 4.84, 3.88, 8.48, 2.95, 1.93, 1.7, 2.89, 0.96, 9.01, 3.32, 0.14, 9.51, 0.11, 9.18, 4.18, 1.61, 3.86, 6.22, 0.15, 1.94, 0.13, 10.57, 1.8, 0.91, 1.1,
0.96, 2.45, 2.33, 11.14, 24.05, 3.08, 7.69, 4.57, 28.22, 7.12, 21.02, 6.24, 10.32, 1.16, 1.39, 5.78, 8.28, 2.26, 2.43, 15.51, 4.11, 1.05, 8.27, 0.39, 3.51, 5.14, 10.61, 27.33, 3.17, 8.71, 36.93, 8.22, 2.48, 20.85, 3.9, 2.23, 4.48, 2.29, 14.03, 3.26, 9.55, 7.84, 17.36, 0.36, 17.04, 1.91, 0.17, 0.01, 1.88, 0.1, 26.36, 2.87, 9.87, 15.83, 14.35, 5.99, 0.84, 13.68, 8.82, 3.8, 5.24, 6.49, 13.82, 4.76, 15.27, 5.31, 5.17, 5.92, 11.2, 6.95, 16.65, 15.04, 2.04, 24.43, 1.88, 6.01, 4.9, 0.63, 46.04, 2.65, 2.47, 12.26, 2.79, 5.08, 52.73, 2.25, 0.37, 1.86, 28.95, 17.32, 9, 13.72, 9.24, 23.52, 10.33, 5.76, 3.41, 40.29, 3.83, 1.35,
7.0,7.0,7.0,7.0,7.0,8.0,8.0,8.0,8.0,8.0,9.0,9.0,9.0,9.0,9.0,10.0,10.0,10.0,10.0,10.0,11.0,11.0,11.0,11.0,11.0,12.0,12.0,12.0,12.0,12.0,13.0,13.0,13.0,13.0,13.0,14.0,14.0,14.0,14.0,14.0
