100
817 247 370 236 936 416 138 914 348 853 143 360 0 47 0 0 392 324 0 542 0 255 736 978 0 393 825 113 536 444 275 158 872 562 551 593 728 639 615 0 566 0 629 0 83 79 687 830 147 784 487 989 500 563 379 519 75 539 961 528 438 0 0 48 0 0 0 281 755 522 0 18 669 68 837 136 0 838 258 137 764 213 269 0 475 374 776 559 156 989 245 0 213 381 360 303 45 935 569 0
0 247 370 236 936 416 138 0 0 0 143 360 246 47 785 200 392 324 0 542 991 255 736 978 558 0 825 0 0 444 0 0 872 0 551 593 0 0 615 53 566 588 629 622 83 0 0 830 147 784 487 989 500 563 379 0 75 539 961 528 438 33 39 48 162 470 0 281 0 522 290 18 669 68 0 136 0 838 258 137 0 213 269 0 0 374 0 0 156 989 245 131 213 0 360 0 45 935 569 222
817 247 370 236 936 416 138 914 0 853 143 0 246 47 0 200 0 324 603 542 991 255 736 978 558 393 825 113 536 444 275 158 872 562 551 593 728 639 615 53 566 588 629 622 0 79 687 0 0 784 0 989 500 563 0 0 0 539 0 528 438 33 0 48 162 470 806 281 755 522 0 18 669 0 837 136 656 838 258 0 764 213 269 0 475 374 776 559 156 989 0 131 213 381 360 303 45 935 569 0
817 247 370 236 936 416 138 914 0 0 0 360 0 47 0 200 392 324 603 542 991 255 736 978 558 393 825 113 536 444 0 0 0 562 551 593 728 639 615 53 566 588 0 0 83 0 687 0 147 0 487 989 500 0 379 519 75 539 961 528 438 0 0 48 162 470 806 0 755 522 290 18 669 0 0 136 656 838 258 137 764 213 269 532 0 374 776 559 156 989 245 131 213 381 360 303 45 935 569 222
817 247 370 236 936 416 138 914 348 853 143 360 246 47 785 200 392 324 603 542 991 0 0 978 558 0 825 113 536 444 275 158 0 562 551 593 728 639 615 53 566 0 0 622 83 79 687 830 147 784 487 989 500 563 0 519 75 539 961 528 438 33 39 0 162 0 806 281 755 522 290 18 669 0 837 136 656 838 258 0 764 213 269 532 475 374 776 559 156 0 245 131 0 381 360 303 45 935 569 222
817 247 370 0 0 416 138 914 0 853 143 0 246 0 0 200 0 324 603 542 991 255 736 978 558 393 0 113 536 444 275 158 872 562 551 593 728 0 615 0 566 588 629 622 83 79 0 830 147 784 0 989 0 563 379 519 75 539 0 0 438 0 39 48 162 470 806 281 0 522 290 18 669 68 837 136 656 0 258 0 764 213 0 0 475 374 776 0 156 989 245 131 213 381 360 303 45 935 569 222
0 247 370 236 0 416 138 914 348 853 143 0 246 47 785 200 392 324 603 542 991 255 736 978 558 393 825 113 0 444 275 158 872 562 0 593 728 639 615 0 0 588 629 622 83 0 687 830 0 784 0 989 500 563 379 0 75 0 961 0 438 33 39 48 162 470 806 281 755 522 290 0 669 68 837 136 656 838 258 137 764 213 269 532 475 0 0 559 156 0 245 131 0 381 360 303 45 935 569 0
0 247 370 236 936 416 138 914 348 0 143 0 246 47 785 200 392 324 603 542 991 255 736 978 558 0 825 113 536 444 275 158 872 562 551 593 728 0 615 53 566 588 629 622 83 79 687 830 147 784 0 989 0 563 379 519 75 0 961 528 438 33 0 48 162 470 806 281 755 522 0 18 669 68 837 136 656 838 258 0 764 213 269 532 475 0 776 559 156 989 245 131 213 0 360 0 45 935 569 222
817 247 370 236 936 416 138 914 0 853 143 0 246 47 785 200 0 0 603 0 0 255 736 0 558 393 0 113 536 444 275 158 872 562 0 593 728 639 615 53 566 588 0 0 83 0 687 830 147 784 487 0 0 0 379 519 75 539 961 528 438 33 0 48 0 470 806 281 0 522 290 18 669 68 837 136 0 838 258 137 764 213 269 532 475 374 776 559 156 989 245 131 213 381 360 0 45 935 569 222
0 247 370 236 936 416 0 0 348 853 143 360 0 47 785 200 392 324 603 0 991 255 736 978 558 0 0 113 0 444 275 158 0 562 551 593 728 639 0 53 566 588 629 622 0 79 687 830 0 784 487 989 500 563 379 519 0 0 0 528 438 0 0 48 162 0 806 281 0 522 290 18 669 0 0 136 656 838 258 137 764 0 269 532 475 374 776 559 156 989 245 131 213 381 360 303 45 935 569 0
817 247 370 236 0 416 138 0 348 0 0 0 246 0 0 200 392 324 603 542 0 255 736 0 558 0 825 113 0 444 0 158 0 562 0 593 728 0 615 53 0 588 629 622 83 0 687 830 147 0 487 989 0 563 379 519 75 539 961 528 438 33 0 48 162 470 806 281 755 522 290 18 669 68 837 136 0 838 258 137 764 213 269 532 475 374 776 0 0 0 245 131 0 381 360 303 45 935 569 222
817 247 370 236 936 416 138 914 348 853 143 0 246 47 785 0 392 324 603 542 991 255 736 978 558 393 0 113 536 444 275 0 872 562 551 0 728 0 615 53 566 588 629 622 0 79 687 830 147 784 487 989 500 563 379 0 75 539 961 528 438 33 39 0 162 470 806 0 755 0 0 18 669 68 837 0 656 838 258 0 0 213 269 532 475 374 0 559 156 989 245 131 0 381 360 0 45 935 569 222
817 247 0 236 936 416 138 914 0 853 143 360 246 47 785 0 392 0 0 542 991 255 736 978 558 393 825 113 536 444 275 158 872 562 551 0 728 0 615 53 566 588 629 622 0 0 687 830 147 0 487 989 0 0 379 519 75 539 0 528 0 33 39 48 162 470 806 281 755 522 290 18 669 68 0 0 0 838 258 0 764 213 269 532 475 374 776 559 156 0 245 131 213 381 360 303 0 935 569 222
817 0 370 236 936 0 138 914 0 853 143 360 246 47 785 200 392 324 603 542 991 0 0 978 558 393 825 113 536 444 275 158 872 0 0 593 728 639 615 53 566 588 629 622 83 79 687 0 147 784 487 989 500 563 379 519 75 539 961 528 438 0 39 48 162 470 806 281 755 522 290 18 669 68 0 0 0 838 258 137 0 0 269 532 475 374 776 0 156 0 245 131 213 381 0 303 45 935 569 0
817 247 370 0 936 0 138 914 348 853 0 360 246 47 785 0 392 324 603 0 991 255 736 978 558 0 825 113 0 444 275 158 0 562 551 593 728 639 615 53 566 588 629 622 83 79 687 830 147 784 487 0 500 563 379 519 75 539 961 528 438 33 39 48 162 0 0 281 755 0 290 18 0 68 837 136 656 838 0 137 764 213 269 532 475 374 776 559 156 0 0 131 213 0 0 0 45 935 569 0
0 0 0 236 0 416 138 914 0 0 143 360 0 47 785 200 392 324 603 0 991 255 736 978 558 393 825 113 0 444 275 158 0 562 551 593 728 639 0 53 0 588 0 0 83 0 687 0 147 784 487 989 500 563 379 519 0 539 961 528 438 33 39 48 162 470 806 281 755 0 290 18 669 68 837 136 0 838 258 137 764 213 269 532 475 374 776 559 156 0 0 131 213 381 360 303 45 0 569 222
817 247 370 236 936 416 138 914 348 0 143 360 246 47 0 200 392 324 0 542 991 255 0 978 558 0 825 113 536 444 275 0 872 562 551 0 0 639 615 53 566 588 0 622 0 79 687 0 147 784 487 0 500 563 379 519 75 539 961 528 438 33 0 48 162 470 0 281 755 522 290 18 669 0 837 136 0 838 0 0 764 213 269 532 0 374 776 559 0 0 245 131 213 381 360 303 45 935 569 222
817 247 370 236 0 416 138 914 0 853 0 360 246 0 785 200 392 0 603 542 0 255 736 978 558 393 0 0 0 444 275 158 872 562 551 593 728 639 615 53 566 588 0 622 0 0 687 830 147 784 487 989 0 0 379 519 75 539 961 0 438 33 39 48 0 470 806 281 755 522 290 18 669 68 837 136 656 838 258 137 764 213 269 0 475 374 0 559 156 0 245 131 0 381 360 303 45 935 0 0
817 247 370 236 936 0 138 0 0 853 143 360 0 0 785 0 392 324 603 542 0 255 0 0 0 393 825 113 536 444 275 158 0 0 0 593 0 639 615 53 0 588 629 0 83 79 687 830 0 784 487 989 500 563 379 0 75 539 961 528 438 33 39 0 162 0 806 281 755 522 290 18 669 0 837 136 656 838 258 137 764 213 269 0 0 374 776 559 156 989 245 131 0 381 360 303 0 935 569 222
817 0 370 236 0 416 138 914 348 853 143 360 246 47 785 0 392 324 0 542 0 255 736 978 0 393 825 0 536 444 0 158 0 562 551 593 728 0 615 53 566 588 0 622 83 79 687 830 147 784 487 989 500 0 0 519 75 539 961 528 438 0 0 48 0 470 806 281 755 522 0 0 669 68 0 136 656 0 258 137 764 213 269 532 475 374 776 559 0 989 245 131 0 381 0 0 45 935 569 222
817 247 370 236 936 416 138 914 348 853 143 360 246 47 785 200 392 324 603 542 0 255 736 0 558 393 825 113 0 444 275 158 0 562 551 0 0 639 615 53 0 588 0 622 0 79 0 830 147 784 487 989 500 563 379 0 75 539 961 528 438 33 39 48 0 470 0 281 755 522 290 18 669 68 837 136 0 838 0 137 0 0 269 532 475 374 776 559 156 989 0 131 213 381 360 303 45 935 569 222
817 247 370 236 936 0 138 914 0 0 0 360 246 0 785 0 392 324 603 542 991 255 0 0 558 393 825 113 536 444 275 158 872 562 551 593 728 639 615 53 0 0 629 0 83 79 687 830 147 784 487 989 500 563 0 519 75 539 961 528 438 33 39 48 162 470 806 0 755 522 290 18 0 68 0 136 0 838 0 137 764 213 269 532 475 374 776 559 156 989 245 0 213 381 360 303 45 935 569 222
0 247 370 0 936 416 138 0 348 853 143 360 0 47 785 200 392 0 603 542 991 255 736 978 558 393 825 0 536 444 275 158 872 562 0 593 728 639 615 53 566 0 0 622 0 79 687 830 0 0 487 989 500 563 379 519 75 0 961 528 438 33 39 48 162 470 806 0 755 522 0 18 669 68 837 136 656 838 258 137 764 213 269 0 475 374 0 0 0 989 0 131 0 381 360 303 45 935 569 0
817 247 370 236 936 416 138 0 348 0 143 0 0 47 785 200 392 0 0 0 991 255 736 978 558 393 825 113 536 444 275 158 872 562 0 593 728 0 615 53 0 588 629 622 83 79 687 830 147 784 487 989 500 563 379 519 75 539 961 528 438 33 39 0 162 0 806 281 755 522 290 0 669 68 837 0 656 838 258 0 764 0 269 0 0 374 0 559 156 0 245 131 213 381 360 303 0 935 569 222
817 247 370 236 936 416 138 914 348 853 143 0 246 47 785 200 392 324 603 0 991 255 736 978 558 0 825 113 0 444 275 158 872 562 551 593 728 639 0 53 0 588 629 0 0 79 687 830 0 784 487 0 0 563 379 519 75 0 961 0 438 33 39 0 162 470 806 281 755 522 290 0 669 68 837 136 656 0 0 137 0 0 269 532 475 374 776 0 156 0 245 0 213 381 360 303 45 935 569 222
817 247 370 236 936 416 0 0 348 853 0 360 0 47 785 200 392 324 603 0 991 0 0 978 0 393 0 0 536 444 0 158 872 0 551 593 728 639 615 53 566 588 629 622 0 79 687 830 147 784 487 989 500 563 379 519 0 539 961 528 438 0 39 48 162 470 806 0 755 0 290 18 669 68 837 136 656 838 258 137 0 0 269 532 475 374 776 559 156 989 245 131 213 0 360 303 45 935 0 222
817 247 370 236 936 416 138 914 0 853 143 360 0 47 0 200 392 324 603 542 991 255 736 978 558 393 825 0 0 444 275 158 0 562 551 593 728 639 615 53 566 588 629 622 0 79 687 830 147 784 487 0 500 563 379 519 0 539 961 528 438 33 0 0 162 470 806 281 755 522 0 18 669 0 837 0 656 838 258 137 0 213 0 532 475 374 776 0 156 989 245 131 213 381 360 0 45 935 569 0
0 247 370 0 936 0 0 914 348 853 143 360 0 47 785 200 392 324 603 542 991 255 736 0 558 393 825 0 536 444 0 0 872 562 551 593 0 639 0 53 566 588 629 0 83 79 687 830 147 784 0 0 500 0 379 519 75 539 961 528 438 33 39 48 162 470 806 281 755 522 290 18 669 68 837 136 0 838 258 0 764 0 0 0 475 374 776 0 156 989 0 0 0 381 360 0 45 935 0 222
817 0 370 236 936 0 138 914 348 0 143 360 246 47 0 200 392 324 603 542 991 255 736 0 558 393 825 0 0 444 275 158 872 562 551 593 728 639 615 53 566 588 629 0 83 79 0 0 147 784 487 989 500 563 379 519 75 539 961 528 438 33 0 0 162 470 806 281 755 522 0 18 0 68 837 136 0 838 0 137 0 213 269 532 475 374 776 0 156 989 245 131 213 381 0 303 45 935 569 222
817 247 370 236 936 416 138 914 348 853 143 360 246 47 785 0 392 324 603 542 991 0 736 0 558 393 0 113 536 444 275 0 872 0 551 593 0 0 615 0 566 588 629 622 83 79 687 830 147 784 487 989 500 563 0 519 0 539 961 528 438 0 39 48 162 470 0 281 0 522 0 18 669 68 0 136 656 0 0 137 764 213 269 0 0 374 0 559 156 989 245 131 0 381 360 303 45 935 569 222
817 247 370 0 936 416 138 914 348 853 143 360 0 0 785 200 392 0 603 542 991 0 0 978 0 0 825 113 536 444 275 158 872 562 551 593 728 0 615 0 566 588 629 622 0 79 687 830 147 0 0 989 500 563 379 0 75 539 961 528 438 33 39 48 0 470 806 281 755 0 0 18 669 0 837 0 656 838 258 137 764 0 269 532 475 374 776 559 0 0 245 131 213 381 360 303 0 935 0 0
817 247 370 236 936 416 138 0 348 853 143 360 246 47 0 0 392 324 603 542 991 255 0 0 558 393 825 113 536 444 275 0 872 0 551 593 728 639 615 53 0 588 0 622 0 79 687 0 147 0 487 989 500 563 379 519 75 0 961 0 0 33 39 0 162 470 806 281 755 0 290 18 669 68 0 136 656 838 258 137 764 213 269 532 0 374 776 559 156 989 245 131 213 381 360 303 45 935 569 222
817 0 0 236 936 416 138 914 348 853 143 0 246 47 0 200 0 0 603 542 0 255 736 978 558 393 825 0 536 444 275 158 872 562 551 0 728 639 0 53 566 0 629 622 0 79 687 830 0 784 0 989 500 563 0 519 75 539 961 528 438 33 39 48 162 470 806 281 755 522 290 18 669 68 837 136 656 838 258 137 0 213 269 532 0 0 776 559 0 989 245 0 213 381 0 303 45 935 569 222
817 0 370 0 936 0 138 914 348 853 143 360 246 47 785 200 392 0 603 542 991 255 736 978 558 393 825 0 536 444 275 0 872 562 551 593 728 639 615 53 566 0 0 622 83 0 0 830 147 784 487 989 500 0 0 519 75 539 961 528 438 33 0 48 162 470 806 0 755 522 290 18 669 68 837 0 656 838 258 137 0 213 269 532 475 374 776 559 156 989 245 131 0 381 360 0 45 0 0 222
817 247 0 236 936 416 138 914 348 853 143 0 246 47 785 200 392 324 0 542 991 255 736 978 558 393 825 113 536 444 275 158 0 562 551 593 728 639 615 53 566 0 629 622 83 79 0 830 147 784 487 989 0 563 379 519 75 539 961 528 438 33 39 48 162 470 806 281 755 522 290 18 669 68 837 136 656 838 258 137 764 213 269 532 475 374 776 559 156 0 245 131 213 381 360 303 45 935 569 222
817 247 370 236 936 416 138 914 348 0 143 360 246 47 0 200 0 324 603 542 991 255 736 978 558 393 825 113 536 0 275 158 872 562 551 593 728 639 615 0 566 588 629 622 0 79 687 830 147 784 487 989 0 563 0 519 0 539 0 528 438 33 39 48 162 470 806 281 755 0 290 0 669 68 0 136 656 838 258 137 764 213 269 532 475 0 776 559 156 989 245 131 213 381 360 303 45 935 0 222
817 247 370 236 936 416 138 914 0 0 143 0 246 47 785 200 392 324 603 542 991 0 736 978 558 393 825 113 536 444 275 158 872 562 0 593 728 639 615 53 0 588 629 622 83 0 687 830 0 784 487 0 500 563 379 0 75 539 961 528 438 33 39 48 162 470 806 0 755 522 290 18 669 68 837 136 656 838 0 137 0 213 269 532 0 374 776 0 156 989 0 131 213 0 360 0 45 0 569 0
817 247 370 0 936 416 138 914 348 853 0 360 246 47 785 0 392 324 603 542 0 255 736 978 558 393 825 113 0 444 275 158 0 562 551 593 728 639 615 53 0 588 0 622 83 79 687 0 147 784 487 989 500 563 379 519 75 539 961 0 438 33 39 48 162 470 806 281 755 522 290 18 669 0 837 136 656 838 258 0 764 213 0 0 475 374 776 559 0 989 0 0 0 381 0 303 45 935 569 222
817 0 370 236 936 0 138 914 348 853 0 360 246 47 0 200 392 324 603 542 991 255 736 978 558 393 0 113 536 0 275 158 0 562 551 593 728 639 0 0 566 588 629 622 0 79 687 830 147 784 487 989 500 563 0 519 75 0 961 528 438 33 39 0 162 470 806 281 755 522 0 0 669 68 837 136 656 838 258 0 764 0 0 532 475 374 776 559 156 989 245 131 213 381 360 303 45 935 0 0
0 247 0 236 936 416 138 914 0 0 0 360 246 47 785 0 0 324 603 0 0 255 736 978 558 393 825 113 536 444 275 0 872 562 551 593 0 0 0 53 566 588 629 622 83 79 0 830 147 0 0 989 500 563 379 519 75 0 961 528 438 0 39 48 0 470 806 281 755 0 290 18 669 0 0 136 656 838 258 137 764 213 269 532 0 374 0 559 156 989 245 131 213 0 360 0 45 935 569 222
817 247 370 236 936 416 138 914 348 853 0 360 246 0 785 0 392 324 603 542 991 255 736 978 0 393 825 113 536 444 275 158 872 562 551 593 728 639 615 53 566 0 629 622 83 79 687 830 147 784 0 989 0 563 379 519 75 539 961 528 438 33 39 48 162 0 806 0 0 522 290 18 669 68 837 136 656 838 258 137 764 213 0 532 0 374 776 559 156 989 245 0 213 381 360 0 45 935 569 222
817 0 0 236 936 416 0 914 348 0 143 0 0 0 785 200 392 324 0 542 991 255 736 978 558 393 825 0 536 444 275 158 872 0 551 0 728 639 615 53 566 588 0 622 83 79 687 830 0 784 487 989 500 0 379 519 75 539 961 528 438 33 0 48 162 470 806 281 0 522 290 0 669 68 0 136 656 0 0 0 0 213 269 532 475 374 776 559 156 989 245 131 213 381 360 303 45 935 0 222
817 247 370 236 936 0 138 914 0 853 143 360 246 47 785 200 392 324 0 542 0 255 736 978 558 0 825 113 536 444 275 158 872 562 551 593 728 639 615 53 566 588 629 622 83 79 687 830 0 784 487 0 0 563 0 519 75 539 961 528 438 0 39 48 162 470 806 281 755 522 290 18 669 0 837 136 656 838 258 137 764 0 269 532 475 374 776 559 156 989 245 0 213 381 360 303 45 0 569 0
817 247 370 236 936 416 138 914 348 853 0 360 246 47 785 200 392 0 603 542 991 255 736 978 0 393 825 0 536 444 275 158 872 562 551 593 728 639 615 53 0 588 629 622 83 0 0 0 147 784 487 989 500 563 379 519 75 539 961 528 0 0 0 48 162 470 806 0 755 522 290 18 669 68 837 136 656 838 258 137 764 213 269 532 475 374 776 559 156 989 245 131 213 381 360 303 45 935 569 222
0 247 370 236 936 0 138 914 348 853 143 360 246 47 785 200 392 324 603 542 991 255 736 978 558 393 825 113 0 444 275 158 872 562 0 593 728 639 615 53 566 588 629 0 83 79 687 830 147 784 487 989 500 563 379 519 0 539 961 528 438 33 0 48 0 470 806 0 755 0 290 18 669 68 837 136 656 0 258 137 764 213 269 532 475 374 776 559 156 0 245 131 213 381 360 303 0 935 0 222
817 247 370 236 936 416 138 0 348 0 0 360 0 47 0 0 392 324 603 542 991 255 736 0 558 0 825 0 0 444 275 0 0 562 551 593 728 639 615 53 566 588 0 622 83 0 0 830 147 784 487 989 0 563 379 519 75 539 0 528 438 0 0 48 0 470 0 281 755 522 290 18 669 68 837 136 656 838 258 137 764 213 269 532 475 374 776 559 0 0 245 131 0 381 0 303 45 935 569 222
817 247 370 236 936 416 138 0 348 853 143 360 246 47 0 200 392 0 603 542 991 255 736 978 0 0 825 113 536 0 275 158 0 562 551 593 728 639 615 53 566 588 0 622 83 0 687 0 147 784 487 989 500 563 379 519 75 0 961 528 438 33 39 48 162 470 806 0 755 0 290 18 669 68 0 136 656 838 258 0 764 213 0 532 0 0 0 559 156 989 245 131 213 381 360 303 45 935 0 222
817 0 370 236 0 416 138 914 348 853 143 360 246 47 785 200 392 0 603 0 991 255 736 978 0 393 825 113 0 0 275 158 872 0 0 0 728 0 615 53 566 588 0 0 83 79 687 830 0 784 0 989 500 563 379 519 75 539 961 528 438 33 0 48 0 470 806 281 755 522 290 18 669 0 837 136 656 838 0 0 764 213 269 0 475 0 776 559 156 0 245 131 0 381 0 303 45 935 569 222
817 0 370 236 936 0 138 914 348 853 143 360 246 0 0 200 392 324 603 542 991 255 736 0 558 0 825 113 536 444 0 158 0 0 551 593 728 639 615 53 566 588 629 622 83 79 687 830 0 0 0 989 500 563 379 519 75 539 0 528 0 33 39 0 162 470 0 281 755 522 290 18 669 0 837 0 656 838 258 0 764 213 269 532 475 374 776 559 0 989 0 0 0 381 360 303 45 935 569 222
817 247 0 236 936 0 138 914 348 0 143 360 246 47 0 200 392 0 603 542 0 255 736 978 558 393 825 113 0 444 275 158 872 562 551 593 728 639 615 53 566 0 0 622 83 79 687 830 0 784 487 989 500 563 379 519 75 539 961 528 438 33 39 0 162 470 806 281 755 522 290 18 669 68 837 136 656 838 258 137 764 0 269 532 0 374 776 0 156 989 245 0 0 381 0 303 45 935 569 222
817 247 0 236 936 0 138 914 348 853 143 360 246 47 785 200 0 324 603 542 991 255 0 0 558 0 825 113 536 444 0 158 872 562 551 593 0 639 615 53 566 0 629 0 83 79 687 830 0 0 487 0 500 563 379 0 75 0 961 528 438 33 0 48 162 470 806 0 755 0 290 0 0 68 837 136 656 838 258 137 764 213 269 532 0 374 776 559 156 989 0 0 213 381 360 0 45 935 569 222
0 247 370 236 936 416 0 914 0 0 143 360 246 47 785 0 392 0 0 542 991 0 0 978 558 393 825 113 536 0 275 158 872 562 551 593 728 0 615 53 566 588 629 622 83 79 0 830 147 784 487 989 0 0 379 519 75 539 961 528 438 33 39 0 162 470 806 281 755 522 290 18 0 0 0 136 656 838 258 0 764 213 269 532 0 374 776 0 156 989 245 131 213 381 0 303 45 935 569 0
817 247 370 236 0 416 138 914 0 853 143 360 246 47 785 200 392 324 0 0 991 255 736 978 558 393 825 113 536 444 275 158 872 562 551 593 728 639 615 53 566 588 629 622 83 79 0 830 147 784 487 989 500 563 379 519 75 539 961 528 438 33 39 48 162 470 806 281 755 522 290 18 0 68 837 0 656 838 258 137 0 213 269 532 475 374 776 559 156 989 245 131 0 381 0 303 0 935 569 222
817 247 370 236 0 0 138 0 348 853 143 360 246 47 785 200 392 0 603 0 0 255 736 0 0 0 825 113 536 444 275 158 872 0 551 0 728 639 615 0 566 588 629 0 83 79 687 830 147 784 487 989 500 563 379 519 0 539 961 0 438 33 39 0 162 470 0 0 755 522 290 18 669 68 837 136 656 838 258 137 764 213 269 532 475 374 776 559 156 989 245 0 213 0 360 303 45 935 569 222
817 0 0 236 936 416 138 914 348 0 143 360 246 0 785 200 392 324 603 542 991 255 736 978 558 393 825 113 536 444 275 158 872 562 551 593 0 0 0 53 566 588 0 622 83 0 687 830 147 784 487 989 500 0 0 0 75 539 961 528 438 33 39 48 162 470 806 0 755 522 290 0 669 68 837 0 0 838 258 137 764 213 269 532 475 374 776 559 156 989 0 0 213 381 360 0 0 935 569 222
817 247 370 236 936 0 138 0 348 853 143 360 0 47 785 200 0 324 603 0 991 0 736 978 558 393 825 113 0 444 275 158 0 562 551 593 0 639 615 53 566 588 629 622 83 0 687 0 147 784 487 989 500 563 379 0 75 0 961 528 438 33 39 48 0 470 806 281 755 522 290 0 669 68 837 136 656 838 258 137 764 0 269 532 0 374 776 559 0 989 0 131 213 381 360 303 45 0 569 222
817 247 370 236 936 416 138 914 348 853 0 360 0 47 0 200 392 0 603 0 991 255 736 978 558 0 0 0 536 444 275 158 872 562 551 0 728 639 615 53 566 0 629 0 83 79 687 830 147 784 487 989 500 563 379 519 75 539 961 528 438 33 39 48 162 470 806 281 755 522 290 18 669 68 0 136 656 0 258 0 0 213 0 532 0 374 0 559 0 989 245 131 0 381 360 0 45 935 569 222
817 0 370 236 936 0 138 0 348 0 143 360 246 47 785 200 392 0 603 542 991 255 736 978 558 393 825 0 0 444 0 158 0 562 551 593 728 0 615 53 566 588 629 622 83 0 687 830 147 784 0 989 500 0 379 519 75 0 961 528 0 0 39 0 162 0 0 281 755 522 290 0 0 68 837 136 0 0 0 137 764 0 269 532 0 374 776 559 156 989 245 131 213 381 360 303 45 935 569 222
817 247 370 236 936 0 138 914 0 853 143 360 246 0 785 200 392 324 603 542 991 0 736 0 558 393 825 113 536 0 275 158 872 562 551 593 0 639 615 53 566 588 629 0 83 79 687 0 147 784 487 989 500 563 379 519 75 0 0 528 438 33 39 48 162 470 806 281 755 522 290 18 0 68 0 0 656 0 258 137 764 213 269 532 475 374 776 559 156 989 245 131 213 381 360 303 45 0 569 222
817 247 370 0 936 416 138 914 348 853 0 360 246 47 785 200 392 324 603 542 991 255 736 978 558 393 825 113 536 0 0 158 872 562 551 593 728 639 615 53 566 588 629 622 83 79 687 0 147 784 487 989 500 563 379 519 75 539 961 0 438 33 39 0 162 470 806 281 755 522 290 0 0 68 837 136 0 838 0 137 764 213 269 532 475 0 776 559 156 989 245 131 213 381 360 303 0 0 0 222
817 247 370 236 936 416 138 914 348 853 143 360 0 47 785 0 392 324 603 0 991 0 736 978 558 393 825 113 536 444 275 0 872 562 551 593 728 639 0 0 566 588 629 0 83 79 687 830 147 784 0 0 0 563 379 519 0 539 0 528 438 33 39 48 162 470 806 0 755 0 290 0 669 68 0 136 656 838 258 0 764 0 269 532 475 0 776 559 0 989 0 131 213 381 360 303 45 935 0 222
817 247 370 236 936 416 0 914 0 853 143 360 246 47 785 200 392 0 603 542 991 0 736 978 558 393 825 113 536 444 275 158 0 562 0 593 0 639 615 53 0 588 629 622 0 79 687 830 147 784 487 989 500 0 379 0 75 539 0 528 438 33 0 48 162 470 806 0 0 522 290 0 669 0 837 136 656 838 258 0 0 213 269 0 475 374 776 559 0 989 245 131 0 381 360 303 45 935 569 0
0 247 370 236 936 416 0 0 348 853 143 360 0 47 785 200 392 0 603 542 991 255 736 978 558 393 825 0 536 0 275 158 0 562 0 593 0 639 615 53 566 588 629 622 83 79 687 830 147 784 487 989 0 0 0 519 75 0 0 528 438 33 39 48 162 470 806 281 0 522 290 18 669 68 837 136 0 0 258 0 764 213 269 0 475 374 776 559 156 989 245 131 213 381 360 303 0 935 569 222
817 247 370 236 936 416 138 914 348 0 143 360 246 47 785 200 392 324 0 542 991 0 736 978 558 393 825 113 0 444 275 158 872 562 551 593 728 0 615 53 0 588 629 622 83 79 687 830 0 784 487 989 500 563 379 519 75 539 961 528 438 33 39 48 162 470 806 281 755 522 0 18 669 0 837 0 656 838 258 0 764 213 269 0 0 374 776 559 156 989 245 131 0 381 360 303 45 0 569 222
817 0 370 236 936 416 138 0 0 853 143 360 246 47 785 200 392 0 603 542 991 255 736 0 558 393 0 113 536 444 0 0 872 562 0 593 728 639 615 0 0 0 629 622 83 79 687 830 147 784 487 0 500 563 379 519 0 539 961 0 438 33 39 48 162 470 806 281 755 522 290 18 669 0 837 0 656 838 258 137 764 213 269 0 475 374 0 559 0 0 0 131 213 381 360 303 0 935 569 222
0 247 0 236 936 416 138 914 348 853 143 360 246 0 785 200 392 324 603 542 991 255 0 978 558 393 825 113 536 444 275 158 0 562 551 593 728 0 615 53 566 588 629 622 0 79 687 830 147 0 487 989 500 563 379 519 75 539 0 528 438 33 39 48 162 470 0 0 755 522 290 18 669 68 837 0 0 838 258 0 764 213 0 532 475 374 776 0 156 0 245 131 213 381 0 0 45 935 569 0
817 247 370 236 936 0 138 914 348 853 143 360 0 47 785 200 0 324 603 542 991 255 736 978 558 0 825 0 536 444 275 158 872 562 551 593 728 639 615 53 566 588 629 622 83 79 687 830 147 784 487 989 0 0 379 519 0 539 0 528 438 0 39 0 162 470 806 281 755 522 290 18 669 68 837 0 656 0 258 137 764 213 0 532 475 374 776 559 156 989 245 131 213 381 360 0 0 935 569 222
817 0 370 236 936 416 0 914 348 0 143 360 0 47 0 200 0 324 0 0 991 255 736 978 558 0 825 113 536 444 275 158 872 562 0 593 728 0 615 53 0 588 629 622 83 0 687 830 147 784 487 989 500 563 379 0 75 539 961 528 438 0 39 0 0 470 806 281 755 522 290 0 669 68 837 136 656 0 258 137 764 213 269 532 475 374 0 559 0 989 245 131 213 381 360 303 45 935 569 222
817 247 370 236 936 416 0 0 348 853 143 0 246 47 785 0 392 0 603 542 991 255 736 978 558 393 825 113 536 444 0 158 872 562 551 593 728 639 615 53 0 588 629 622 83 79 687 830 147 0 487 989 500 563 379 519 0 539 961 528 438 33 39 48 162 470 0 281 755 0 290 18 669 68 837 136 656 838 258 137 764 213 0 532 475 374 776 559 156 989 245 0 213 0 360 303 0 0 0 222
817 247 370 0 936 416 0 914 348 0 143 0 246 0 785 200 392 324 603 542 991 255 736 978 558 393 825 113 536 444 275 158 872 562 551 593 728 639 615 53 0 588 629 622 83 0 687 830 147 784 487 0 500 563 379 519 75 539 961 0 438 33 39 48 162 470 806 0 0 522 290 18 0 68 837 136 656 838 0 137 764 0 269 532 475 374 776 559 156 989 245 131 0 381 360 303 45 0 569 0
817 0 370 0 936 416 138 914 348 853 143 360 246 0 785 0 392 324 603 0 991 255 0 978 0 393 825 113 536 444 275 158 872 0 551 593 728 0 615 53 566 588 629 622 83 0 687 830 0 784 487 989 500 0 0 519 75 539 0 528 0 33 39 0 0 470 0 281 755 522 0 18 669 68 837 136 656 838 0 0 764 213 269 532 475 374 776 559 156 989 245 131 213 381 360 303 0 935 569 0
817 247 370 236 936 416 138 914 348 853 0 360 246 47 785 200 392 0 0 542 991 255 736 978 0 0 825 113 536 0 275 158 872 0 0 0 728 639 615 53 566 588 629 0 83 0 687 830 147 784 0 989 500 563 0 519 75 539 961 528 438 33 39 48 0 470 806 281 0 522 290 18 669 68 837 136 656 838 258 0 764 0 0 532 475 374 776 0 156 989 0 131 213 381 360 0 45 935 569 0
817 247 370 236 936 416 138 914 348 853 143 360 246 0 785 200 0 324 603 542 991 0 0 978 558 393 0 113 536 444 275 158 872 562 551 0 728 0 615 53 566 588 629 622 83 79 0 830 147 784 487 989 500 0 379 0 75 539 961 528 0 33 39 48 162 470 0 281 0 0 0 18 669 0 0 136 656 838 258 137 764 213 269 532 475 0 776 0 156 989 245 131 213 381 360 0 0 935 569 222
817 247 370 236 0 416 138 914 0 853 143 360 246 47 0 200 392 324 603 542 991 255 0 0 558 393 825 0 536 444 275 0 872 562 551 593 728 639 615 0 566 0 629 0 83 79 687 830 147 784 487 989 500 563 0 519 75 539 0 528 0 33 39 48 162 470 806 281 755 522 0 18 669 68 837 136 656 838 258 0 0 213 269 532 475 374 0 0 156 989 0 131 0 381 360 303 0 935 569 222
817 247 370 236 936 416 138 914 348 853 0 360 246 0 0 0 392 324 603 542 991 255 736 978 558 393 825 113 536 444 275 158 0 0 551 0 728 639 615 53 566 0 629 622 83 79 687 830 147 0 487 989 500 563 379 519 75 0 961 528 438 33 39 48 162 470 806 281 755 522 290 18 669 68 837 136 656 0 0 137 764 213 0 0 0 0 776 559 156 989 0 0 0 381 360 303 45 0 0 0
0 247 370 236 936 416 138 914 348 853 143 360 246 47 785 200 392 0 603 542 991 255 0 978 558 393 825 113 0 444 275 158 872 562 551 593 728 639 615 53 566 588 629 0 83 79 687 830 147 784 487 0 0 563 0 519 75 539 961 0 438 33 39 48 162 470 0 281 755 522 290 18 669 0 837 136 656 0 258 137 0 0 0 532 475 374 776 559 156 989 245 131 0 381 360 303 45 935 569 222
817 247 370 236 936 416 0 914 348 0 143 360 246 47 785 200 392 0 0 542 991 0 736 978 558 0 825 113 536 0 275 158 872 562 551 593 728 639 615 0 566 0 629 622 0 79 687 830 0 784 487 989 500 563 379 519 75 539 0 528 438 33 39 48 162 470 806 281 755 522 290 18 669 68 837 0 0 838 258 137 764 213 269 0 475 374 776 559 156 989 245 131 0 381 0 303 45 0 569 222
817 247 370 236 936 416 0 0 348 0 143 360 246 47 785 200 392 324 603 542 991 255 736 978 558 393 825 113 536 0 275 158 0 562 551 593 728 639 615 53 0 588 629 622 83 79 687 830 147 784 487 989 500 563 379 519 75 539 961 528 438 33 39 48 162 0 806 281 0 0 290 18 0 0 837 136 656 838 258 137 0 213 0 532 0 0 776 559 156 989 245 131 213 381 360 303 45 935 569 222
817 247 370 236 936 0 0 914 0 853 143 0 246 47 785 200 0 0 603 542 991 0 0 978 558 393 825 113 536 444 275 0 872 562 551 593 728 639 615 53 566 588 629 622 0 79 0 830 147 784 487 989 500 563 379 519 75 0 0 528 438 33 39 48 162 470 0 281 755 0 0 18 669 68 837 0 0 838 258 137 764 0 269 532 475 374 776 559 156 989 245 131 0 381 0 303 45 935 569 222
817 247 370 0 936 416 0 914 348 853 143 360 246 47 785 0 392 0 603 542 991 255 736 978 558 0 825 113 0 444 275 0 872 562 0 0 728 0 615 0 566 588 629 0 83 79 687 0 147 784 0 989 500 563 379 519 75 539 961 528 438 0 0 0 162 470 806 281 755 522 0 18 669 68 0 0 656 0 258 137 0 213 269 532 475 374 776 559 0 989 245 131 213 381 360 0 0 0 569 222
817 247 370 236 936 0 0 0 348 853 143 360 246 0 785 0 0 324 603 542 991 255 736 978 558 393 825 113 0 0 275 158 872 562 551 593 0 639 615 0 566 0 629 622 83 0 687 830 147 0 487 0 500 563 0 519 75 539 961 528 438 33 39 0 0 470 806 281 755 522 290 18 669 68 837 136 656 838 258 137 764 213 0 532 475 0 776 559 0 0 245 131 213 381 360 0 0 935 0 222
817 0 0 236 0 416 138 914 348 853 143 360 246 47 0 200 392 0 0 542 991 255 736 978 558 0 825 113 0 444 275 158 872 562 551 593 728 639 615 53 566 588 629 622 0 79 687 830 147 784 487 989 500 563 379 0 75 539 0 528 438 33 39 48 162 470 806 281 755 522 290 18 669 68 837 0 656 0 258 0 764 213 269 532 475 0 776 559 156 989 245 0 0 381 360 0 45 935 0 222
817 247 370 0 936 416 138 914 348 853 143 360 246 47 785 0 392 324 0 542 991 0 736 978 558 393 0 113 0 444 275 158 872 562 551 0 0 639 615 0 566 588 629 622 83 79 687 830 147 784 0 989 500 563 379 0 75 539 961 528 438 0 39 48 162 470 806 281 755 522 290 18 669 68 837 0 656 838 258 0 764 213 269 532 475 374 776 559 156 989 245 131 213 381 360 0 45 0 569 222
0 247 370 236 936 416 0 914 348 853 143 360 246 47 785 0 0 324 603 0 991 255 736 978 558 393 825 113 536 444 275 0 872 562 551 0 728 639 615 53 566 588 629 622 83 79 687 0 0 0 487 0 500 563 379 519 0 539 961 528 0 33 39 48 162 470 806 281 755 522 290 18 669 68 837 0 0 838 0 137 764 213 269 532 475 374 776 559 156 0 245 131 213 381 360 0 45 935 569 222
817 247 0 236 0 416 0 0 348 853 0 0 246 47 785 200 392 324 603 542 0 0 736 978 558 0 0 0 536 0 275 158 0 562 551 0 728 639 615 53 566 588 629 0 0 79 687 830 0 0 487 989 500 563 379 519 75 539 961 528 438 33 39 48 162 470 0 281 0 522 290 18 0 68 837 0 656 838 0 137 764 0 269 532 475 374 0 559 156 989 245 131 213 381 0 303 45 935 569 222
0 247 370 236 0 416 138 914 348 853 143 360 246 47 785 200 392 324 0 542 991 255 736 978 558 393 825 113 0 444 0 158 0 562 0 593 0 639 615 53 566 588 629 622 83 0 687 830 147 784 487 989 500 563 0 519 75 539 961 0 0 33 39 48 0 0 806 281 755 522 290 18 669 68 837 0 656 838 258 137 764 213 269 0 475 374 776 559 156 989 245 131 213 381 0 0 0 935 0 222
817 247 370 0 936 416 0 914 348 853 143 0 246 0 785 200 392 0 603 542 991 255 0 978 558 393 825 113 0 0 0 158 872 562 551 593 728 0 615 53 0 588 629 622 83 79 687 830 147 784 487 989 0 563 379 519 75 539 961 528 438 33 39 48 162 470 806 281 755 522 290 18 669 68 837 136 656 0 258 137 764 0 269 0 475 374 776 559 156 989 0 131 213 0 0 303 45 935 569 222
817 247 370 236 936 416 138 0 348 853 143 360 246 47 785 200 392 324 603 542 991 255 0 978 558 0 825 113 0 0 275 158 872 562 551 0 0 639 615 53 566 588 629 622 83 79 687 830 147 784 487 989 500 563 379 0 75 539 961 528 438 33 39 48 0 470 806 281 755 522 290 18 0 68 837 0 0 0 0 137 0 213 269 532 475 0 0 559 0 989 245 131 0 381 360 303 45 935 569 222
817 0 370 236 0 416 138 914 348 853 143 360 0 0 785 200 392 324 603 542 991 255 736 978 558 393 825 113 536 0 0 158 872 562 551 593 728 0 615 53 566 588 629 0 0 79 687 830 147 784 487 989 500 563 379 519 0 539 0 528 438 33 0 48 162 470 806 281 0 522 290 18 669 0 837 136 0 838 258 137 764 213 269 532 475 374 776 559 156 0 245 0 0 381 360 303 45 935 569 222
817 247 370 236 936 416 138 914 348 853 0 0 246 47 0 200 392 0 603 542 991 255 736 978 558 0 825 113 536 444 0 158 872 562 551 593 0 639 615 53 566 588 629 622 83 79 687 830 0 784 0 0 0 563 379 519 0 539 961 0 438 33 39 48 162 470 806 0 755 522 0 18 669 68 837 136 656 838 0 137 764 0 269 532 475 0 0 0 156 989 245 0 0 381 0 303 0 935 569 0
817 0 370 236 0 416 138 914 348 853 143 360 246 0 0 200 392 324 603 542 991 255 736 978 558 393 825 113 536 444 275 0 872 562 551 593 728 639 615 53 566 588 629 622 83 79 687 830 147 0 487 989 500 563 379 519 0 539 961 528 0 33 39 0 162 470 806 281 0 522 290 18 669 68 0 0 656 0 258 137 764 213 0 532 0 374 776 559 156 989 245 131 213 381 360 303 45 935 569 222
817 247 370 236 0 416 138 0 0 853 143 360 246 47 0 200 0 324 603 542 991 255 736 978 558 393 825 0 536 0 275 158 872 562 0 593 728 639 615 53 0 0 629 622 0 79 687 830 0 784 487 0 500 0 379 519 75 0 0 0 0 33 0 48 162 0 806 281 0 522 290 18 669 0 837 136 656 0 258 0 764 0 269 532 475 374 776 0 0 0 245 131 213 381 360 303 45 0 569 0
817 247 0 236 936 416 138 914 348 853 143 360 0 47 0 0 392 324 603 0 0 255 0 0 558 393 825 0 0 444 275 158 872 0 551 0 728 639 615 53 0 0 629 0 83 0 687 0 147 784 0 989 0 563 379 519 75 0 961 528 0 33 39 0 162 470 806 281 755 522 0 18 669 68 837 0 0 838 0 137 764 213 269 0 475 374 776 559 156 989 245 131 0 381 360 0 45 935 569 222
817 247 370 236 936 416 138 914 348 853 143 0 246 47 785 200 392 324 603 542 991 255 736 978 558 0 825 113 0 444 275 158 0 562 0 593 0 639 615 53 0 588 629 622 83 79 687 830 0 784 0 989 500 563 379 519 75 539 961 528 438 33 39 48 162 470 0 0 755 522 290 18 0 68 837 136 656 838 258 137 0 213 269 532 475 0 776 559 156 989 245 131 213 381 360 303 45 935 569 222
817 247 370 0 0 416 0 914 348 853 143 360 246 47 785 200 392 0 603 0 991 255 736 978 558 393 0 113 536 0 275 158 872 562 551 593 728 639 615 53 0 0 629 0 0 79 687 830 147 784 487 0 500 563 379 0 75 539 0 528 438 33 39 0 162 470 806 281 755 522 0 18 669 68 837 136 0 838 258 137 764 213 269 532 475 374 776 0 156 989 245 131 213 381 360 303 45 935 569 222
817 247 370 236 936 416 138 914 348 853 143 360 246 47 0 200 0 324 603 542 991 255 736 0 558 393 825 113 0 444 275 158 872 562 0 593 0 639 615 53 566 588 629 622 83 79 687 830 147 784 487 989 500 563 379 519 75 539 961 528 438 33 0 48 162 470 0 281 755 522 290 18 0 68 837 136 656 0 258 137 0 213 269 532 475 0 776 559 0 0 245 131 0 381 360 303 45 935 569 222
0 247 0 236 936 416 0 914 348 853 143 360 246 47 785 200 392 324 0 542 991 255 736 978 558 393 825 113 536 0 275 158 0 562 551 593 0 639 615 53 566 588 629 622 0 79 687 830 147 0 0 989 500 0 379 519 75 539 961 528 0 33 39 48 162 470 806 0 755 522 290 18 669 68 837 136 656 838 258 137 764 213 269 532 475 374 776 559 156 989 0 131 0 381 360 303 45 935 0 222
817 247 0 236 936 416 0 914 348 853 143 360 0 47 0 0 392 324 603 542 991 255 736 978 558 393 825 113 536 444 275 158 872 562 0 593 0 639 615 53 566 588 629 622 83 79 687 830 147 0 487 989 500 563 379 519 75 539 0 528 438 33 39 48 162 470 806 281 755 522 0 0 669 68 0 136 656 838 258 137 764 0 269 532 475 374 0 559 156 989 0 131 213 381 360 0 45 935 569 222
817 247 370 236 936 416 138 914 348 853 143 360 246 47 785 200 392 324 603 542 991 255 736 978 0 393 825 113 536 444 275 158 0 0 551 593 728 0 615 53 566 588 629 0 0 0 687 830 147 784 487 989 0 563 0 519 0 0 961 528 438 33 39 48 0 470 806 281 0 0 0 0 669 68 837 0 656 838 258 137 764 213 269 532 0 374 776 559 156 0 245 0 213 381 360 303 45 935 569 222
817 0 370 0 936 416 0 914 348 853 143 360 246 47 0 200 392 324 603 542 991 255 736 978 558 393 825 113 0 444 275 158 0 562 551 593 728 0 615 53 566 0 629 622 83 79 687 830 147 784 0 989 500 563 0 519 75 539 961 528 0 33 0 48 162 0 806 281 755 0 0 18 669 68 837 136 656 0 258 137 0 213 269 532 0 374 776 559 156 0 245 131 213 381 360 303 45 935 569 222
0.76, 10.26, 6.75, 8.01, 1.74, 6.73, 22.18, 4.06, 3.98, 9.96, 1.54, 13.74, 10.27, 1.23, 10.84, 1.61, 6.63, 21.82, 15.35, 1.07, 10.86, 3.2, 9.4, 10.99, 15.69, 3.18, 18.67, 6.22, 4.47, 11.75, 5.62, 45.86, 2.48, 4.95, 5.86, 4.12, 9.07, 3.9, 6.46, 10.5, 15.32, 10.71, 13.16, 24.44, 5.81, 0.5, 0.76, 27.6, 6.03, 4.79, 34.41, 7.22, 8.69, 0.02, 2.19, 7.5, 13.86, 11.59, 0.49, 2.57, 17.48, 31.73, 0.45, 6.94, 7.37, 1.13, 10.13, 2.75, 22.46, 10.38, 5.21, 16.3, 4.08, 0.05, 19.05, 63.31, 39.21, 1.14, 12.9, 9.94, 6.92, 31.57, 3.16, 3.27, 9.72, 3.69, 0.06, 4.56, 4.33, 18.86, 2.92, 0.84, 10.34, 2.76, 6.58, 4.18, 10.87, 14.13, 12.45, 5.26,
6.87, 10.74, 1.32, 1.27, 3.96, 26.32, 11.18, 4.91, 8.7, 1.34, 12.64, 6.93, 11.25, 40.22, 9.59, 9.41, 17.05, 5.95, 3.06, 5.35, 21.5, 5.84, 2.67, 5.14, 0.96, 0.54, 5.26, 35.99, 10.67, 9.06, 13.05, 0.34, 2.95, 12, 1.85, 9.3, 2.74, 6.59, 6.83, 2.14, 9.82, 9.35, 11.75, 11.39, 5.04, 2.74, 11.76, 9.04, 4.67, 18.25, 3.84, 19.81, 29.25, 5.07, 5.41, 8.89, 1.91, 2.81, 10.05, 7.04, 0.82, 10.07, 2.25, 14.29, 43.93, 3.92, 24.82, 10.33, 7.39, 7.61, 16.23, 21.02, 26.45, 2.6, 3.53, 0.47, 3.2, 14.23, 7.4, 25.08, 3.51, 9.17, 7.44, 0.54, 20.76, 7.31, 14.4, 11.22, 12.23, 19.09, 9.41, 4.07, 9.49, 2.37, 6.19, 2.4, 4.06, 1.91, 1.21, 3.17,
7.0,7.0,7.0,7.0,7.0,8.0,8.0,8.0,8.0,8.0,9.0,9.0,9.0,9.0,9.0,10.0,10.0,10.0,10.0,10.0,11.0,11.0,11.0,11.0,11.0,12.0,12.0,12.0,12.0,12.0,13.0,13.0,13.0,13.0,13.0,14.0,14.0,14.0,14.0,14.0