100
0 0 0 236 936 0 0 914 348 853 143 360 0 0 785 0 0 324 0 542 991 0 736 0 0 0 0 0 0 0 0 158 872 0 0 593 728 0 615 0 0 0 629 0 83 0 0 830 147 784 0 989 0 563 0 0 0 0 0 0 0 33 0 48 0 470 806 0 0 0 0 18 0 0 0 0 0 0 0 137 764 0 0 532 475 374 776 559 156 989 245 0 213 381 0 0 45 0 0 0
817 247 0 0 0 416 0 914 348 853 0 360 246 47 0 0 392 324 0 542 0 255 0 0 558 393 825 113 0 0 275 0 0 562 551 593 728 639 0 0 0 0 629 622 83 79 687 830 0 0 487 0 0 0 0 519 0 0 961 0 0 33 39 48 0 0 0 281 755 522 290 18 669 0 0 0 656 0 0 137 764 213 269 0 475 374 0 559 0 0 245 0 213 0 0 0 45 935 0 0
0 247 370 0 0 416 138 0 0 853 143 360 0 0 785 0 0 0 603 542 991 255 0 0 0 0 825 0 536 0 0 0 872 562 551 0 0 639 615 53 0 0 0 0 83 79 0 830 147 0 487 989 0 0 379 0 0 0 961 0 438 0 39 48 0 0 0 0 755 0 290 18 669 68 837 0 656 838 258 137 0 213 269 532 0 374 0 0 156 989 245 131 213 381 360 0 45 935 569 222
0 0 0 0 936 0 138 0 0 853 143 360 246 47 785 200 392 0 603 542 991 255 736 0 0 393 0 113 536 444 0 0 0 562 0 0 728 639 615 53 566 0 629 622 83 79 0 0 147 784 487 0 500 563 379 519 75 539 961 528 438 0 39 48 162 470 0 281 0 522 0 18 0 68 0 0 656 838 0 137 0 213 269 532 475 0 776 559 156 0 0 0 0 0 360 303 0 0 0 0
0 0 370 236 936 0 138 914 0 853 0 360 0 0 785 200 392 324 603 0 0 0 0 978 558 393 0 113 0 0 275 158 872 562 551 593 0 0 615 53 0 588 629 622 0 0 0 0 147 0 487 0 500 0 379 519 0 0 0 528 438 33 0 0 162 0 0 0 0 522 0 18 0 68 0 0 0 0 0 0 764 213 0 0 475 0 0 0 0 989 0 0 0 0 360 0 45 935 0 0
817 0 0 0 936 0 138 0 0 853 0 360 0 47 0 0 0 0 0 0 0 0 0 978 558 0 825 113 0 444 275 0 0 562 0 593 728 0 615 53 0 588 629 0 0 79 687 0 0 784 487 0 500 0 0 0 75 0 961 528 0 0 39 0 0 470 0 281 755 522 290 18 669 0 837 136 656 838 0 137 0 0 269 532 0 374 0 559 0 0 245 131 0 381 360 0 0 935 569 222
817 247 370 236 936 0 0 914 348 853 143 0 0 0 0 0 0 324 0 0 991 255 0 0 558 393 0 0 0 444 275 0 0 0 0 593 728 639 0 53 566 0 0 0 83 79 687 0 0 0 0 0 0 0 379 519 75 539 961 0 0 33 39 0 162 470 806 0 0 522 0 0 0 68 0 136 656 838 258 0 764 0 269 0 0 0 0 559 0 0 0 0 213 381 0 0 0 0 569 222
817 0 0 236 936 416 0 914 0 853 0 0 246 47 785 0 392 324 603 542 0 255 736 978 0 0 825 0 0 0 275 158 872 562 0 0 728 0 0 53 566 0 629 0 83 0 0 830 0 784 0 0 500 563 379 519 0 539 961 528 438 0 0 48 0 470 806 281 755 522 0 18 0 0 837 136 656 0 0 137 764 213 0 0 475 374 0 559 156 0 245 131 213 0 360 303 45 0 569 222
817 247 0 236 0 0 138 914 348 0 0 0 0 47 0 200 0 0 603 0 991 0 0 978 0 393 825 113 0 0 0 0 872 562 0 0 728 0 615 53 0 588 0 622 83 0 687 830 0 0 487 0 0 563 0 0 0 539 961 528 0 33 39 48 0 470 806 0 755 522 290 18 669 0 837 0 656 0 0 0 764 0 269 532 0 0 776 0 0 0 245 131 0 381 0 303 0 0 569 222
0 0 0 236 936 416 138 0 0 853 0 360 246 47 785 200 392 324 0 0 991 255 0 978 0 393 0 0 0 0 0 158 0 562 0 0 0 0 0 53 566 0 629 0 83 0 0 0 0 0 487 989 500 563 0 0 0 539 0 528 438 0 0 0 0 470 0 0 755 522 290 18 0 68 0 136 656 0 0 0 764 0 269 532 475 374 776 0 0 0 0 131 213 381 0 0 0 0 569 0
0 247 0 236 936 416 138 914 348 853 143 0 0 0 785 200 0 0 0 542 0 255 736 0 0 0 0 113 536 0 0 158 872 562 0 593 0 0 615 53 566 0 629 622 83 79 0 0 147 0 487 989 500 0 0 0 0 0 0 0 0 0 39 48 0 470 806 0 0 522 0 0 0 68 0 0 656 838 258 137 0 213 269 0 475 374 0 0 0 989 245 0 0 0 0 303 0 0 0 0
0 0 0 236 0 0 138 914 0 853 0 0 246 47 0 0 0 0 603 0 991 255 736 978 0 393 0 0 536 444 275 0 872 562 551 593 728 0 615 53 566 0 0 622 0 79 0 0 147 0 0 0 0 563 379 0 75 0 0 0 0 0 39 48 0 0 806 0 755 0 290 0 669 68 837 136 656 838 0 0 764 0 269 0 475 374 776 559 156 0 245 131 213 381 0 0 45 0 569 222
0 247 0 236 936 0 138 914 348 853 143 360 246 0 0 200 392 0 603 542 0 255 736 0 0 0 825 113 536 0 0 158 872 562 551 593 0 0 615 0 566 588 629 622 83 0 687 0 0 784 487 989 0 0 379 519 75 539 961 0 0 0 39 48 0 470 0 0 0 522 0 0 669 68 837 136 0 0 258 137 0 0 0 532 475 374 0 559 156 989 245 131 213 0 0 0 0 0 0 0
0 0 370 0 936 416 0 0 0 853 0 0 246 0 0 0 392 324 0 542 991 255 0 0 558 0 825 0 0 444 0 158 0 562 551 593 0 639 0 0 566 0 629 622 83 0 0 0 147 0 487 0 500 563 0 0 75 0 961 528 438 0 39 48 162 0 0 281 755 0 0 18 669 0 837 136 656 838 258 137 0 0 0 0 0 0 0 0 156 989 0 131 213 0 360 0 45 0 569 222
817 247 370 236 936 416 0 914 0 0 0 360 246 0 0 200 392 324 603 0 0 0 736 0 0 0 0 113 0 0 275 158 872 562 0 0 728 639 615 53 0 588 629 622 83 79 687 830 0 0 487 0 500 563 0 519 0 539 961 0 0 33 39 0 0 0 0 0 0 522 0 0 669 0 0 136 0 0 0 137 764 0 0 0 475 0 776 559 0 989 0 131 213 0 0 0 0 0 569 0
0 0 370 236 936 416 0 914 0 853 143 0 246 47 785 0 392 0 603 542 991 0 0 0 0 0 825 113 0 0 0 0 0 562 551 0 728 0 615 53 0 0 0 0 0 79 687 830 147 0 0 0 0 563 379 0 0 0 961 0 0 33 39 0 0 470 806 0 0 522 290 18 0 0 0 136 656 0 258 137 764 213 269 532 475 374 0 0 156 0 245 0 213 381 0 303 45 935 569 0
0 247 370 236 936 416 0 914 348 853 143 360 246 0 0 0 392 324 603 0 0 255 0 978 0 0 825 0 0 0 0 158 872 0 0 593 728 639 0 0 566 0 629 0 83 79 687 830 0 0 0 0 0 0 0 519 0 0 0 0 438 0 0 48 0 0 806 0 755 522 290 18 669 68 837 0 0 838 258 137 0 0 269 532 0 374 776 559 156 0 245 131 0 381 0 303 45 935 569 0
0 0 0 236 936 0 0 0 0 0 143 360 0 47 0 0 392 324 0 0 0 255 736 978 558 393 0 0 0 0 275 0 0 562 0 0 0 639 0 0 566 0 0 0 83 0 687 830 147 0 487 0 500 563 379 0 75 0 961 0 0 0 39 48 0 470 806 0 755 0 290 0 0 0 0 0 656 838 0 0 0 213 269 532 475 374 776 0 0 0 0 131 213 0 360 0 0 0 0 222
817 247 0 0 936 416 0 0 0 853 143 360 246 0 0 0 392 324 603 0 991 0 736 978 0 0 825 0 0 444 275 0 0 562 551 593 728 639 0 53 566 588 629 622 0 79 0 830 0 784 487 0 500 563 379 0 0 0 961 528 0 33 39 48 0 0 806 281 0 0 0 0 669 68 0 136 0 838 258 137 764 0 0 0 0 0 776 559 156 989 0 131 0 0 360 303 0 935 0 222
817 247 370 236 0 0 138 0 0 0 143 360 246 47 0 200 392 324 603 0 0 0 736 0 558 0 825 0 536 444 0 0 0 0 0 0 728 0 615 53 566 588 0 0 0 0 0 0 0 0 487 0 0 0 379 519 75 0 0 528 0 0 0 0 162 470 806 0 0 522 0 18 0 0 837 0 656 0 258 0 0 213 0 0 475 0 0 559 156 989 245 131 213 381 360 0 45 0 569 0
817 0 370 0 0 0 138 914 0 853 143 0 0 47 785 200 0 0 0 542 0 0 736 0 558 0 825 113 0 444 275 0 0 562 0 0 0 0 615 53 0 0 0 0 0 0 687 830 0 784 487 989 0 0 0 0 75 0 961 0 0 33 0 0 162 470 806 0 755 522 290 18 669 68 837 0 656 838 258 0 0 0 0 0 0 0 776 559 156 989 245 0 0 381 0 303 45 0 569 222
817 0 0 0 0 416 138 914 348 853 143 0 0 0 0 200 392 0 603 542 991 0 0 978 558 0 825 113 0 0 0 0 872 0 551 593 728 0 0 53 566 588 0 622 0 0 0 0 147 784 0 0 0 563 379 0 0 0 961 0 0 0 0 0 0 0 806 0 0 0 290 18 0 0 837 0 656 0 0 137 764 213 269 0 475 374 776 0 156 0 0 0 213 381 360 303 0 935 0 222
0 247 0 236 936 416 0 0 0 0 0 0 0 0 0 0 0 324 603 0 0 0 0 0 558 0 825 0 0 0 275 158 0 562 551 0 728 0 0 0 0 0 629 622 83 0 687 830 0 0 0 989 0 563 0 0 0 539 0 0 438 33 39 48 162 0 0 281 0 0 0 18 669 68 0 0 656 0 258 137 764 0 269 532 0 374 0 0 0 989 245 131 0 0 360 0 45 935 0 0
817 0 370 0 0 0 0 914 348 853 0 0 246 0 785 0 0 324 0 0 991 0 736 978 558 0 0 113 536 0 0 158 0 562 551 0 728 0 615 0 0 0 0 0 0 79 0 830 0 784 487 0 500 0 379 0 75 539 961 0 438 33 0 48 0 0 0 281 755 0 290 18 669 0 0 136 656 0 0 0 764 0 269 532 0 0 776 0 0 989 0 0 213 381 360 0 0 0 569 222
0 0 370 0 936 0 138 0 348 853 0 360 246 47 785 200 0 324 603 542 991 255 0 978 0 0 0 0 536 0 275 0 0 562 551 593 0 0 615 0 566 588 629 0 0 0 687 0 0 784 487 0 500 563 0 519 0 0 961 0 0 0 39 48 162 0 0 281 0 522 0 18 0 0 837 0 0 0 0 0 764 0 269 0 0 0 0 0 0 989 245 0 0 0 360 303 45 0 0 0
0 0 370 0 0 416 0 914 0 853 0 360 246 47 0 0 0 0 0 542 0 255 0 978 558 393 825 0 536 0 0 158 0 562 551 593 728 639 615 0 0 588 629 0 83 0 687 0 147 0 487 0 0 0 0 0 0 0 0 0 438 0 0 48 162 0 806 281 755 522 290 18 0 68 0 136 0 0 0 137 0 213 0 532 0 0 776 0 0 0 245 131 0 381 0 303 0 0 569 222
0 247 370 236 0 0 0 914 0 853 0 360 0 47 0 0 0 324 603 542 991 0 0 0 0 393 0 0 0 444 275 158 0 562 0 0 0 0 615 53 566 588 0 622 0 79 0 0 147 0 0 0 500 563 379 0 75 0 0 0 0 33 0 0 0 0 806 281 755 0 290 18 669 0 837 136 0 0 0 137 764 213 0 532 475 374 0 559 156 0 0 131 0 381 360 303 45 0 569 0
0 0 370 0 936 416 138 0 348 853 0 0 0 0 785 0 0 0 603 0 0 0 0 978 0 393 0 113 0 444 275 0 872 562 551 0 0 0 0 53 0 0 629 622 83 0 687 0 0 784 0 0 0 0 0 0 0 539 0 0 0 33 39 48 162 0 0 281 0 0 290 18 0 0 0 0 656 0 0 0 764 213 0 0 0 374 776 0 156 989 245 0 0 381 0 303 45 0 569 0
817 247 0 0 936 0 138 0 348 853 143 0 246 47 0 200 0 324 603 0 991 255 0 0 558 0 0 0 536 444 275 0 872 562 0 593 0 0 0 0 0 0 0 0 83 0 687 830 0 0 487 0 500 563 0 519 75 0 961 528 438 33 39 0 0 470 806 281 755 522 0 0 669 68 0 136 656 838 258 137 0 0 269 0 475 0 0 0 0 0 0 131 213 381 360 303 0 0 569 0
817 247 0 236 936 416 138 0 348 853 143 0 246 0 785 200 0 324 603 0 991 0 736 978 0 393 825 0 536 444 0 0 872 562 551 593 728 639 615 53 566 0 629 0 83 79 687 830 147 784 0 0 500 0 0 519 75 539 961 0 438 33 0 48 0 470 0 281 755 522 0 18 669 68 0 136 0 0 258 137 0 213 0 532 0 0 776 0 156 989 0 131 0 381 0 0 45 935 569 222
817 247 0 236 0 416 0 914 0 0 143 0 0 47 0 0 0 0 0 0 991 255 0 978 0 0 0 113 0 444 275 0 872 562 0 593 0 639 615 0 0 588 629 0 83 79 687 0 0 784 0 0 0 0 379 0 0 0 961 528 438 33 0 0 0 470 806 0 755 0 290 0 669 0 837 136 656 0 258 137 0 213 0 532 0 0 0 0 0 989 245 131 213 0 0 303 0 935 0 0
0 247 0 236 0 416 138 0 0 853 143 0 0 0 0 200 392 0 603 0 991 0 736 0 558 393 0 0 536 444 275 158 872 562 551 593 0 639 615 53 566 588 629 0 0 79 687 830 0 784 487 989 500 0 0 0 0 539 0 0 438 0 0 0 162 470 806 0 755 0 0 0 669 68 837 136 0 838 258 0 0 0 269 0 475 0 0 559 156 989 245 0 213 0 360 0 0 0 0 0
817 0 370 0 936 0 0 914 0 0 0 360 0 47 785 200 0 324 603 542 991 255 736 0 558 393 825 113 0 0 0 0 0 0 0 593 0 639 615 0 566 588 0 0 0 0 687 830 147 784 0 989 0 0 379 519 75 0 0 528 0 0 0 48 0 470 806 281 0 0 0 18 0 68 0 0 0 838 258 0 0 213 269 0 0 374 776 0 156 989 245 131 0 381 0 303 45 0 0 0
0 247 370 236 936 0 0 0 0 853 0 0 246 47 785 200 0 324 0 0 0 0 736 0 558 393 825 113 0 444 0 0 872 562 0 0 0 0 615 53 566 0 0 0 0 79 687 0 0 0 487 989 0 0 0 519 75 539 0 528 438 0 0 0 0 0 806 0 755 522 0 0 669 68 0 0 656 838 258 137 764 213 0 0 475 0 0 0 0 989 0 0 213 0 360 303 0 935 0 0
817 0 370 236 0 416 0 0 348 853 0 0 0 47 785 200 392 0 603 0 0 255 736 978 0 0 0 0 536 444 275 0 0 562 551 593 728 639 615 53 0 588 629 0 0 79 0 0 147 0 0 989 0 563 0 519 75 0 0 0 438 0 0 48 162 0 806 0 755 522 290 0 0 0 837 136 0 0 0 137 764 213 269 532 0 0 0 0 0 0 245 0 213 0 360 0 45 0 0 222
817 247 370 236 936 416 138 914 0 0 0 0 0 0 785 0 0 0 603 0 991 0 0 978 558 393 825 113 536 444 0 0 0 0 551 593 0 639 615 53 566 588 0 0 83 0 687 0 147 784 487 0 0 563 0 0 75 0 0 0 0 33 0 0 162 0 0 0 0 0 0 0 0 0 837 136 656 0 0 137 0 0 269 532 475 374 776 0 0 989 0 0 0 0 360 303 0 0 569 222
0 0 370 236 936 416 0 914 0 0 0 360 246 0 0 0 0 0 603 0 0 0 0 978 0 0 0 113 0 0 0 0 0 0 551 593 0 639 615 53 566 588 629 0 0 0 687 0 0 0 0 0 0 563 0 0 0 0 961 528 438 0 39 0 0 470 0 281 755 0 290 18 0 0 837 136 656 0 0 137 764 0 0 532 475 374 0 559 156 0 0 131 0 0 0 0 45 935 569 222
0 0 0 236 0 0 138 0 0 853 0 360 246 0 0 0 392 0 0 0 0 255 736 978 558 0 0 0 0 444 275 0 0 0 551 0 0 639 615 53 0 588 629 622 0 79 687 0 147 0 0 989 0 0 379 519 0 0 0 528 0 33 39 0 162 470 0 0 755 522 0 18 669 68 837 0 656 0 258 137 764 213 0 0 0 0 0 0 156 0 245 131 0 0 360 0 0 0 569 222
0 247 370 236 0 416 0 0 0 0 143 360 0 0 0 0 0 0 603 542 991 0 736 978 0 0 825 0 0 0 0 0 0 0 551 0 0 639 615 53 566 588 629 622 0 0 0 830 147 0 0 0 500 563 0 0 75 539 961 0 438 33 0 48 0 470 0 281 755 522 290 0 0 0 837 0 656 0 0 0 764 213 269 0 475 0 0 559 0 989 0 0 0 0 0 0 45 935 569 0
817 0 370 0 936 416 0 0 348 853 0 0 0 0 0 200 0 0 603 0 991 255 736 0 0 393 0 113 0 0 275 158 0 562 0 0 728 639 0 53 566 0 0 0 83 0 0 830 147 784 487 0 0 0 379 519 75 539 0 0 0 0 39 48 0 0 0 281 0 0 0 0 0 68 837 136 656 0 0 0 764 213 269 0 475 0 776 559 156 989 0 131 213 0 0 303 0 0 569 0
0 0 0 236 936 416 138 0 348 853 143 360 246 47 0 200 0 0 0 542 0 0 0 0 0 393 0 113 0 444 275 0 0 0 551 593 728 639 615 53 0 588 629 0 0 0 687 0 147 0 0 0 500 0 0 519 75 0 0 528 438 33 0 0 0 470 806 0 755 0 0 0 0 0 837 0 0 0 0 0 0 213 269 0 475 0 776 559 156 0 0 0 213 381 360 0 0 935 569 222
0 247 0 236 936 416 138 0 348 0 143 360 246 0 0 0 392 0 0 0 0 255 736 0 558 393 825 0 0 444 0 158 872 0 0 593 0 0 0 0 0 588 629 622 83 79 687 0 147 0 487 989 500 563 379 519 75 539 0 528 438 0 39 0 0 470 0 281 0 522 0 0 669 68 837 0 656 0 258 137 0 213 269 0 0 374 776 0 0 989 245 131 0 0 0 0 0 0 569 222
0 0 370 236 0 416 138 914 0 853 0 0 246 47 785 200 392 0 0 0 991 255 0 0 0 393 0 0 536 444 275 158 0 562 0 0 0 639 615 53 566 588 0 0 83 0 687 0 147 784 487 0 0 0 379 519 75 0 961 528 438 33 39 0 0 470 0 281 755 0 0 18 669 68 837 0 0 0 258 0 0 0 0 532 0 374 776 0 156 989 245 131 213 381 0 303 45 0 0 222
817 247 370 236 0 416 0 0 0 853 143 0 246 47 785 200 392 324 0 0 0 255 736 0 0 0 0 0 0 444 275 0 872 562 0 0 728 639 615 0 0 0 629 0 83 79 0 830 147 784 487 0 500 563 0 519 75 539 0 0 438 33 39 0 0 470 0 0 0 0 290 18 669 68 837 0 656 0 258 137 0 0 0 0 0 374 776 559 156 989 245 131 0 0 360 303 45 0 569 0
817 247 370 236 0 0 138 914 0 853 143 360 246 0 0 0 0 0 603 542 991 0 0 978 0 0 825 0 0 444 275 0 872 562 551 593 728 0 615 53 0 0 0 0 83 0 0 830 0 784 487 989 500 0 0 0 0 539 961 0 0 0 0 48 162 0 806 0 755 522 290 0 0 0 837 136 0 838 258 0 0 0 0 532 475 0 0 0 156 989 245 0 0 0 360 0 0 935 569 222
817 247 370 0 0 0 0 0 0 0 143 360 0 0 785 200 392 0 603 542 991 0 0 978 0 0 0 0 0 0 0 158 0 562 551 0 0 0 615 53 566 0 0 0 83 79 687 830 147 784 487 0 500 563 379 0 75 539 0 528 0 33 0 0 0 470 806 0 0 0 0 0 0 0 837 136 0 838 0 0 764 213 269 0 475 0 0 559 156 0 245 0 213 0 360 0 0 935 0 0
0 247 0 236 0 0 138 0 0 0 0 360 0 0 785 200 0 0 0 542 0 255 736 0 558 0 825 113 0 444 275 158 872 562 551 0 728 0 615 0 0 588 0 622 83 79 687 0 147 784 487 0 0 563 379 519 75 0 0 0 0 33 39 48 162 470 0 281 0 0 0 0 669 68 837 0 0 838 258 0 764 0 0 532 475 0 776 559 156 0 0 0 213 381 0 303 45 935 0 222
0 247 370 0 936 416 138 914 0 0 0 360 246 47 0 200 392 0 603 542 991 255 0 978 558 393 825 113 0 0 275 0 0 0 0 593 0 639 0 0 566 588 629 0 0 79 0 0 147 784 487 989 0 0 379 0 0 0 0 528 0 33 39 0 0 470 806 0 755 0 0 0 0 68 0 0 656 838 0 0 0 0 269 532 0 374 0 0 0 0 0 0 0 381 0 0 0 0 569 222
817 0 0 0 0 416 138 0 348 853 0 360 246 47 0 0 392 324 603 542 0 0 0 0 558 393 0 0 536 0 0 158 872 0 0 0 728 639 0 53 0 0 629 622 0 0 687 0 147 784 0 0 500 563 0 0 0 539 0 0 0 33 0 0 162 470 0 0 0 0 290 18 669 0 837 0 656 838 258 0 764 213 0 0 0 0 776 559 156 989 245 0 0 0 360 0 45 0 569 222
817 0 370 0 0 416 138 0 0 0 0 360 246 0 0 0 392 0 603 0 0 255 736 978 0 393 825 113 0 0 0 158 872 562 0 593 728 0 615 0 0 0 629 0 83 0 687 830 147 0 0 989 0 0 0 519 75 539 961 528 438 33 39 0 162 470 0 0 0 522 0 18 669 0 837 136 0 838 0 0 764 0 0 0 475 0 0 0 0 989 245 0 213 381 360 303 0 935 0 0
817 247 0 0 936 416 0 0 348 0 0 0 246 0 785 200 392 0 603 542 991 0 0 978 558 0 825 0 0 0 275 0 0 0 551 0 728 0 0 53 0 0 629 0 0 0 687 0 0 0 487 989 0 563 0 519 75 0 961 0 0 33 39 0 162 470 0 281 755 0 0 18 0 0 837 0 656 838 258 137 764 213 0 0 0 374 0 0 0 0 245 131 213 0 360 0 45 0 569 222
817 247 0 236 936 0 138 914 0 853 0 360 0 47 0 0 392 324 0 0 0 0 736 978 0 393 825 0 0 0 275 0 872 0 551 0 728 0 0 53 0 0 0 0 83 0 687 0 147 784 487 989 0 563 0 0 75 539 961 528 438 33 0 0 0 0 806 281 0 522 290 0 0 68 0 136 0 838 258 137 0 0 0 532 0 0 0 0 156 989 245 131 0 0 0 303 45 935 569 0
0 247 370 0 936 416 138 914 0 853 0 360 0 0 0 200 392 324 603 542 991 0 736 0 0 0 825 113 536 444 0 158 872 0 0 593 0 639 0 0 566 0 629 622 83 79 0 0 147 0 0 989 500 563 379 519 75 539 0 528 0 33 39 48 0 470 806 281 0 0 0 0 0 0 837 0 656 0 258 137 764 0 0 0 475 0 0 559 0 989 0 131 213 381 0 303 0 0 0 0
817 247 370 0 936 416 138 0 0 853 0 360 0 47 0 200 0 324 0 542 0 0 0 0 0 0 825 113 536 444 0 0 0 562 0 593 0 0 0 0 0 588 629 0 83 0 687 0 0 784 0 0 500 563 379 519 75 0 961 0 438 0 0 0 162 0 0 0 755 522 0 0 669 68 0 136 0 838 0 137 0 213 269 0 475 374 776 559 156 0 245 131 0 0 360 0 45 0 0 0
817 0 0 236 936 0 138 0 0 0 0 360 0 0 785 0 0 0 603 542 991 255 736 0 558 393 0 113 0 0 0 158 872 0 0 0 0 0 0 53 0 0 0 622 0 79 0 0 0 0 487 0 0 0 0 0 0 0 961 0 438 0 39 0 0 470 806 0 755 0 0 18 0 0 0 136 656 838 0 0 0 213 269 0 475 0 776 0 156 989 245 0 0 381 0 0 45 0 569 0
0 0 0 236 0 416 138 0 348 0 0 0 0 0 0 0 0 0 0 542 0 0 0 978 0 393 0 0 536 444 275 0 0 562 551 593 0 639 0 53 566 0 629 0 0 79 687 0 147 784 487 0 0 563 379 519 0 539 961 0 0 33 39 0 162 470 0 0 0 522 0 0 0 68 837 0 0 838 0 137 764 213 269 532 475 0 0 559 0 0 0 131 213 0 360 303 0 935 569 0
817 247 0 236 0 416 138 914 0 853 0 360 0 47 785 200 392 0 0 0 991 255 736 978 0 0 0 0 0 0 275 0 872 0 0 0 0 639 615 0 0 588 0 0 83 0 0 0 0 0 0 989 500 563 0 0 0 539 961 0 438 33 39 48 162 470 0 0 755 0 0 18 0 0 837 136 656 838 258 0 764 213 269 532 0 374 0 0 0 0 245 131 0 0 0 0 0 935 0 0
817 247 370 236 936 0 138 914 0 853 143 360 246 47 0 200 0 324 0 0 0 255 0 0 0 0 825 0 536 0 275 0 872 562 0 0 0 0 615 53 0 588 629 622 83 79 687 0 0 784 0 989 0 0 379 0 0 0 961 0 0 33 39 0 0 470 0 0 0 522 0 0 0 0 837 0 656 0 258 0 0 213 269 0 0 0 0 559 0 0 245 0 213 381 360 303 45 0 569 0
0 247 370 0 0 0 0 0 348 853 143 360 0 0 785 200 392 324 603 0 0 255 736 978 558 393 825 113 0 0 0 0 0 562 0 593 728 0 615 0 0 588 0 0 0 79 687 830 147 0 0 0 0 563 379 0 75 539 0 0 438 33 39 48 0 470 806 281 0 522 290 0 0 0 837 0 656 0 0 137 0 0 0 0 0 374 0 0 0 0 245 131 0 0 360 303 45 935 0 0
817 0 0 0 0 416 138 914 0 0 0 0 0 0 0 0 0 324 603 542 991 255 0 978 0 393 825 0 0 0 275 158 0 562 551 593 728 639 615 53 566 588 0 622 0 0 687 830 147 0 0 0 0 563 0 0 0 539 961 528 438 33 39 48 162 0 806 0 755 522 290 0 0 0 837 136 656 0 258 137 0 0 0 532 0 374 0 559 0 989 0 131 0 0 360 0 45 0 0 0
817 247 0 236 936 0 138 914 0 853 0 0 246 47 785 200 0 324 603 542 991 255 736 978 558 0 825 0 0 0 0 158 0 562 0 593 728 0 615 53 0 0 0 622 0 79 687 0 147 784 0 0 0 563 379 519 75 539 0 528 0 0 39 48 162 0 0 0 0 0 0 0 0 68 0 136 0 0 0 137 764 213 269 532 475 0 776 559 156 0 0 0 0 381 0 303 0 0 569 222
817 247 370 0 936 0 0 914 0 0 0 0 246 0 0 200 0 324 0 0 0 0 0 978 558 0 0 0 536 444 0 0 872 0 0 593 728 639 0 0 566 588 629 0 0 79 0 0 147 0 0 0 0 0 379 519 75 539 961 0 438 0 0 48 162 0 806 0 0 522 290 18 669 0 0 0 0 838 258 137 0 0 0 532 475 0 0 559 156 989 0 131 0 0 0 303 0 0 0 0
0 247 370 0 0 0 138 914 0 853 143 0 0 47 0 200 392 0 603 0 991 0 736 978 0 0 0 0 536 444 0 0 872 562 551 0 0 0 0 53 0 0 0 0 0 79 687 0 0 784 0 0 500 563 0 519 0 539 0 528 0 33 0 48 162 470 0 281 755 0 0 0 669 68 0 136 656 838 0 137 764 0 0 532 475 374 0 0 156 0 245 0 0 0 360 0 0 935 569 0
0 0 0 0 0 0 138 0 348 0 0 0 0 47 0 200 392 324 603 0 0 255 0 0 0 393 0 0 0 0 0 0 872 0 551 0 0 639 615 0 0 588 0 622 0 79 0 830 0 784 0 0 0 0 379 519 75 0 961 0 0 33 39 48 162 470 0 0 0 522 0 18 669 0 837 0 656 0 258 0 0 0 269 532 0 374 0 559 0 989 0 0 213 0 0 0 45 0 569 0
0 247 370 0 936 0 0 914 0 0 0 360 246 47 785 200 0 324 0 542 0 0 0 0 558 393 825 113 0 444 0 0 872 562 551 0 0 639 615 0 0 588 629 0 83 79 0 0 147 784 487 0 500 563 379 519 0 539 961 528 438 33 39 0 162 470 806 281 755 0 0 0 669 68 0 136 656 838 258 0 0 213 269 0 0 374 776 0 0 989 245 0 213 381 0 303 45 935 0 222
817 247 0 236 936 0 0 0 348 0 143 360 246 47 785 200 0 0 0 0 0 255 0 0 0 393 825 113 0 0 0 158 0 562 0 0 728 0 615 53 0 588 0 0 83 79 0 830 147 0 487 989 500 0 379 0 75 539 961 528 0 33 39 48 162 470 0 281 0 522 0 0 669 0 0 136 0 838 258 0 764 213 0 0 475 374 776 559 0 0 245 131 213 0 360 0 45 935 569 0
817 0 370 236 936 416 138 0 348 853 0 0 0 47 785 0 0 0 603 0 991 255 736 0 0 0 825 0 536 0 275 158 0 562 551 0 728 0 615 53 566 588 0 622 83 0 687 0 0 784 0 989 500 0 379 0 0 0 961 0 438 33 39 48 0 470 806 0 755 0 0 0 669 68 837 0 0 838 0 0 764 213 0 0 0 374 0 559 0 989 0 131 0 0 360 303 0 935 0 222
817 247 370 236 0 0 0 914 348 0 143 360 0 47 785 200 392 0 0 542 0 0 0 0 0 393 825 0 536 444 0 158 872 0 0 593 0 639 0 0 0 0 0 0 0 0 687 0 0 784 487 989 0 0 0 519 75 539 961 528 0 33 0 0 162 470 806 0 755 0 0 0 0 68 837 0 0 838 0 0 0 213 0 532 475 0 0 0 0 0 0 131 213 0 360 303 45 935 569 0
817 247 370 0 936 416 138 0 348 0 0 360 0 0 785 200 392 0 0 542 991 0 0 0 558 393 825 113 0 444 0 0 0 562 551 593 728 0 0 0 566 588 629 0 0 79 0 830 147 784 0 989 500 0 379 0 75 539 961 528 0 0 0 0 162 0 0 281 755 522 0 18 0 68 0 136 656 0 0 137 764 0 0 532 475 374 0 559 156 989 245 131 213 381 360 303 0 0 0 0
0 247 370 236 936 416 138 914 348 0 0 0 246 47 785 200 0 0 603 542 991 0 0 0 0 393 0 0 536 0 275 158 0 0 551 593 728 639 615 53 0 588 629 622 0 79 0 0 0 0 0 0 500 0 0 0 0 0 961 528 0 0 0 48 0 0 806 0 755 0 0 0 0 68 0 0 656 0 0 137 0 0 269 0 475 0 0 559 0 0 0 0 213 381 0 303 45 0 569 0
0 247 0 236 0 416 138 914 0 0 143 0 0 0 0 200 0 0 0 542 991 0 736 0 558 393 0 113 0 0 0 0 0 0 551 0 0 639 0 0 0 588 629 622 0 79 0 0 0 784 487 989 500 0 0 0 0 539 0 0 0 33 0 48 162 470 0 0 0 0 290 0 669 68 837 136 0 0 0 137 0 213 0 532 0 374 0 0 156 989 0 0 0 0 360 303 45 0 569 0
0 247 370 236 0 416 138 914 348 853 0 360 0 0 0 200 392 0 0 542 0 255 0 978 558 393 0 0 0 0 275 158 872 562 551 0 728 639 615 53 0 0 0 622 83 0 687 0 147 784 0 989 0 0 379 519 0 0 0 0 438 0 0 0 0 470 0 0 0 0 0 0 0 0 0 0 0 838 0 137 764 213 269 532 0 374 776 0 156 989 0 0 213 0 0 303 0 0 0 0
817 247 370 236 936 416 138 914 0 853 143 360 0 47 0 200 0 324 0 542 0 0 736 0 0 393 825 113 536 444 275 158 0 562 0 593 0 0 615 0 566 0 0 622 0 0 0 0 147 0 487 0 500 563 0 0 75 0 961 528 0 0 0 48 162 470 0 281 0 0 290 18 0 68 0 0 0 838 258 0 0 0 269 532 0 0 0 0 156 0 0 0 213 0 360 303 45 0 0 0
0 247 0 0 0 416 0 914 0 853 143 0 0 0 0 0 392 0 603 542 991 0 0 978 558 0 0 113 0 444 0 158 872 562 0 593 728 639 0 0 566 0 629 622 0 0 0 830 147 0 0 0 500 563 379 0 75 0 0 0 438 33 39 48 0 0 0 281 755 522 0 0 0 68 837 0 656 0 258 0 764 213 269 0 475 374 776 0 0 0 0 131 213 0 360 0 45 935 569 222
0 0 370 0 0 0 138 914 348 0 143 0 0 47 785 0 0 0 0 542 991 0 0 0 0 393 0 113 0 0 275 158 0 562 551 0 728 0 615 0 566 588 0 0 83 0 687 830 0 784 487 0 0 0 0 0 0 0 0 528 438 33 0 48 162 0 806 281 0 0 0 0 0 68 0 136 656 0 258 137 0 213 269 532 0 374 776 0 156 989 0 0 213 381 360 0 45 935 569 222
817 247 0 0 936 416 0 0 348 0 0 0 0 0 0 0 392 324 0 0 0 255 0 0 558 393 825 113 536 444 0 0 0 562 551 593 728 0 615 53 566 588 629 622 83 0 0 830 147 0 0 0 500 0 379 519 75 0 0 0 438 0 39 48 0 0 0 0 0 0 290 18 0 68 837 136 656 838 0 137 764 0 0 0 0 0 0 559 0 0 0 0 0 381 360 303 0 935 569 222
817 0 0 0 936 0 0 914 0 853 143 0 0 47 785 200 0 0 0 542 991 0 0 0 558 0 0 0 0 444 0 158 0 0 551 0 728 0 615 0 566 588 629 622 0 0 687 830 0 0 0 0 500 563 379 0 0 539 961 528 0 33 39 48 0 0 0 281 755 0 0 0 669 68 837 0 0 0 258 0 764 0 0 532 475 374 0 0 0 0 0 0 0 381 360 303 0 0 569 222
0 0 370 0 936 416 0 914 348 0 0 360 246 0 0 200 0 324 0 0 991 0 0 978 558 0 0 113 0 444 275 158 872 0 0 593 728 639 615 53 0 0 629 622 0 0 0 0 0 784 487 989 500 563 0 0 0 0 0 528 438 33 39 48 162 0 806 0 0 522 0 0 0 0 0 0 656 838 258 0 764 213 269 532 475 0 0 0 0 0 0 0 213 381 360 303 45 0 0 0
817 0 370 0 936 0 138 914 0 853 0 0 0 47 0 200 392 324 603 0 0 255 736 0 558 0 825 0 536 444 275 0 0 562 0 0 728 639 0 0 566 0 629 622 0 0 687 0 147 0 0 0 0 0 0 519 75 0 961 0 0 0 0 48 162 0 806 281 0 0 290 18 0 68 837 136 0 838 258 0 764 213 269 0 475 374 0 0 0 0 245 0 213 381 0 303 0 0 569 0
0 247 370 236 0 0 138 914 348 0 0 0 0 0 785 200 392 0 0 0 991 0 736 0 0 393 0 0 536 444 0 158 0 562 0 593 728 639 615 0 566 0 629 622 0 0 687 0 147 0 487 989 0 0 379 0 75 0 0 528 438 33 0 0 0 0 0 0 0 522 0 0 0 0 837 0 656 0 258 0 764 0 269 0 475 0 776 0 156 989 245 131 213 381 360 0 0 935 0 222
817 0 370 236 936 416 0 0 0 853 143 360 246 47 0 200 392 324 603 0 991 0 0 978 0 0 0 0 536 0 0 158 0 562 551 0 0 639 0 0 566 588 0 0 83 79 687 830 147 0 487 989 0 0 0 519 75 0 0 528 438 0 39 48 0 470 806 281 0 522 0 0 0 0 0 0 0 0 0 0 0 213 0 0 0 374 0 559 156 989 245 131 213 0 360 0 0 935 569 0
817 247 370 236 936 0 0 0 0 853 0 0 0 0 0 200 0 0 603 542 0 255 0 0 0 393 0 113 536 444 0 0 872 0 0 0 728 0 615 0 566 0 0 0 83 0 687 0 0 784 0 989 500 563 379 519 0 539 961 528 0 33 39 48 162 470 806 281 0 0 0 0 669 0 837 136 656 838 0 0 764 0 269 532 475 374 776 559 156 0 245 0 0 0 360 303 45 935 0 222
0 247 370 0 936 0 138 0 348 0 0 0 0 47 0 0 0 324 0 542 0 0 0 0 0 0 825 113 0 444 0 0 872 0 0 593 0 639 0 53 0 588 0 0 83 79 0 0 0 0 0 989 500 563 379 519 75 0 0 0 0 33 0 48 0 0 0 0 0 0 290 18 669 68 837 136 656 838 0 137 764 213 269 0 475 374 776 559 156 0 0 131 213 0 0 303 45 935 569 0
0 247 0 0 0 0 0 0 0 853 0 0 0 47 785 0 392 324 0 0 0 255 736 0 558 393 825 0 0 444 0 0 0 562 0 593 728 639 615 0 0 0 629 0 0 0 0 830 147 0 487 0 500 0 0 0 0 0 961 0 438 33 39 48 0 470 0 281 755 522 290 0 669 68 0 136 0 838 258 0 764 213 0 0 475 374 0 0 156 0 245 0 213 381 0 303 45 0 0 0
0 0 0 236 0 0 138 0 348 853 0 360 0 47 0 200 0 0 603 542 0 255 736 0 0 0 0 0 0 0 275 158 872 0 551 593 728 639 615 0 0 588 0 0 0 0 0 830 147 0 487 0 0 563 0 519 0 0 0 0 438 0 0 0 0 470 0 281 755 0 290 0 669 68 837 0 656 838 258 137 764 0 0 0 0 0 776 0 0 989 245 0 0 381 0 0 45 935 569 222
0 0 0 236 0 416 0 914 348 853 0 360 246 47 785 0 392 0 603 0 991 0 0 0 0 0 825 0 0 0 275 158 872 562 0 0 0 639 0 0 0 588 629 0 83 0 0 0 0 0 487 989 500 0 0 0 75 539 0 528 0 33 39 48 162 0 806 281 0 0 0 0 669 68 0 136 0 0 258 137 0 0 0 532 0 0 776 0 0 989 245 131 0 0 360 303 0 935 0 222
817 0 370 0 0 416 0 0 0 853 0 0 0 47 785 0 0 0 603 542 0 0 0 0 558 393 825 0 0 444 0 158 0 0 551 593 0 0 0 53 0 0 629 622 0 0 0 830 147 784 487 989 0 563 0 519 0 539 0 0 0 33 39 0 162 470 806 0 0 522 0 18 0 68 837 136 0 838 0 137 0 0 269 0 475 374 776 0 0 0 0 131 0 0 360 303 45 935 0 0
817 0 0 236 0 0 0 0 0 853 143 360 246 0 0 200 392 0 603 0 991 255 0 0 0 393 825 0 536 444 275 158 872 0 551 593 0 0 615 0 566 588 629 0 0 0 0 830 147 0 487 0 0 0 379 519 0 0 0 528 438 33 0 0 0 0 0 281 755 522 290 18 669 68 837 0 0 0 258 137 764 213 0 532 475 0 0 559 156 989 0 0 213 381 360 0 45 0 0 222
817 247 0 236 936 416 0 914 0 0 0 0 0 47 0 200 0 324 603 0 0 0 736 978 558 393 825 113 536 444 275 158 0 562 0 593 0 0 615 0 566 588 629 622 0 79 687 0 147 0 487 989 500 563 0 0 75 0 961 528 0 33 0 0 0 0 806 281 755 522 290 0 669 0 837 0 656 0 258 0 764 0 0 532 475 374 776 0 156 989 0 131 213 381 360 303 0 935 0 222
817 247 370 236 0 0 0 914 0 0 0 360 246 47 785 0 0 0 603 0 0 0 736 978 558 0 825 0 536 0 0 158 0 562 551 593 0 0 0 0 566 588 629 622 0 0 687 0 0 0 487 0 0 563 379 519 0 539 0 0 438 33 39 48 0 0 0 281 0 0 290 0 669 68 0 0 656 838 258 137 764 0 0 0 475 374 776 559 0 989 245 131 0 0 0 0 45 0 0 0
817 0 0 236 936 0 138 0 348 853 0 0 246 47 785 0 0 0 0 542 0 255 736 978 558 393 0 0 0 444 275 158 872 0 0 593 728 639 0 53 0 588 0 622 0 0 687 830 147 0 487 989 500 563 0 519 75 539 961 0 0 0 39 48 0 0 0 0 0 0 0 0 669 0 837 136 656 0 258 0 0 213 0 0 0 0 0 559 156 0 0 0 213 0 360 303 0 935 569 0
817 247 370 236 0 0 138 914 0 0 0 0 0 47 785 200 0 0 0 0 0 0 736 978 558 393 0 0 0 0 275 158 0 0 0 593 0 0 0 0 0 0 0 0 83 79 0 830 147 784 487 0 500 563 0 0 0 539 961 0 438 33 39 48 0 470 0 281 0 0 290 0 0 0 0 0 0 0 258 137 0 213 269 532 475 374 776 0 156 0 245 131 213 0 0 0 45 0 569 0
0 247 0 236 936 416 0 914 348 0 0 0 0 47 0 200 392 324 0 542 991 0 0 978 0 393 0 0 0 444 0 0 872 562 0 0 0 639 0 0 0 0 0 0 0 0 0 0 0 0 487 989 500 563 0 519 75 539 0 528 438 0 39 0 162 470 0 281 755 522 290 18 0 68 837 136 0 0 0 0 764 213 0 0 0 0 776 559 0 0 245 131 213 0 0 303 45 0 0 222
817 0 370 0 936 416 0 0 348 853 143 360 246 0 0 0 392 0 603 542 0 255 736 0 558 0 825 113 536 444 275 0 0 562 551 593 0 639 615 0 566 588 629 622 0 79 0 0 147 784 487 989 500 563 379 519 75 0 0 528 438 33 39 0 162 0 806 0 755 0 0 0 669 68 837 0 0 0 0 0 0 0 0 0 0 374 0 0 0 0 245 131 213 381 0 0 0 935 569 0
817 247 0 236 0 416 138 0 348 853 0 0 0 47 0 0 392 0 0 0 991 0 736 978 0 0 825 0 536 0 275 158 0 562 551 0 728 0 0 0 0 588 629 622 0 79 687 830 147 0 487 0 0 563 0 519 0 0 0 0 0 33 0 0 162 470 806 281 0 522 290 0 0 68 837 0 656 0 258 137 764 213 0 532 0 374 776 0 156 989 0 131 0 0 360 303 0 935 0 222
817 247 370 0 0 0 138 0 0 853 0 0 246 0 0 200 392 324 603 0 0 255 0 978 0 393 825 0 536 0 0 0 872 562 0 0 728 639 0 0 566 0 629 622 83 0 0 830 147 0 0 0 500 563 379 519 75 539 961 0 0 0 39 48 0 470 806 0 0 0 290 18 0 68 837 0 0 838 0 137 0 213 0 532 475 0 0 0 0 0 245 131 0 381 360 303 45 0 0 222
0 0 370 0 0 416 138 0 0 853 0 0 0 0 785 200 392 324 0 0 991 255 0 978 0 0 0 0 536 444 275 0 0 562 551 0 728 639 615 0 0 588 629 0 0 0 687 830 0 784 0 0 0 563 0 0 0 0 0 0 0 33 0 48 162 470 0 281 0 522 290 0 0 0 837 0 0 838 0 137 0 0 0 0 475 374 0 559 156 989 245 131 213 0 360 0 0 0 0 222
817 247 370 236 936 416 138 914 348 0 0 0 246 47 0 0 392 0 0 0 991 255 0 978 558 393 825 0 536 444 275 0 0 562 0 0 0 639 615 53 566 0 629 0 83 0 687 0 0 784 0 989 500 0 0 0 75 0 0 528 438 0 39 48 162 470 0 281 0 0 290 18 0 0 0 0 656 838 0 137 0 0 269 0 475 374 776 0 156 989 245 131 213 0 0 303 0 0 0 222
0 0 0 0 936 416 0 914 0 853 143 360 246 0 785 200 392 324 0 542 0 0 0 978 0 0 825 113 536 0 0 158 0 562 551 0 728 639 615 53 0 588 0 622 0 0 0 0 147 784 487 989 500 563 379 0 0 539 0 0 438 33 0 0 0 470 806 281 0 0 0 0 0 0 837 136 656 838 258 0 764 213 0 532 475 0 0 559 156 989 0 0 0 381 0 303 0 0 0 222
0 247 370 0 0 416 138 914 0 0 0 0 0 47 785 0 0 324 603 0 991 0 736 0 0 393 825 0 536 444 275 158 872 0 551 0 0 0 615 53 566 0 629 622 83 0 0 830 147 0 487 0 0 563 379 0 0 539 0 528 438 0 0 48 162 0 806 0 0 522 290 0 0 0 837 0 656 0 0 0 764 0 0 0 0 0 0 559 156 989 0 0 0 381 360 303 0 935 0 0
8.41, 73.16, 42.19, 20.81, 35.51, 4.87, 25.69, 4.56, 39.27, 46.85, 2.48, 9.31, 0.15, 5.3, 51.68, 67.23, 12.85, 13.17, 6.19, 28.98, 21.21, 9.25, 3.35, 5.76, 16.32, 2.2, 14.02, 51.79, 13.11, 1.01, 6.71, 26.53, 13.7, 9.49, 21.72, 0.49, 3.86, 27.09, 46.2, 1.12, 7.67, 36.76, 5.94, 19.13, 25.15, 31.32, 9.99, 4.86, 1.48, 21.56, 1.32, 1.55, 8.59, 26.33, 32.17, 21.08, 5.07, 58.4, 1.58, 29.56, 19.85, 4.84, 14.34, 5.4, 19, 19, 13.14, 15.22, 42.36, 7.58, 6.72, 4.18, 40.04, 11.7, 28.15, 7.4, 9.37, 22.81, 25.25, 2.71, 52.04, 38.73, 3.52, 10.06, 5.15, 60.4, 3.52, 2.76, 6.86, 10.73, 0.89, 13.12, 1.08, 0.07, 27.46, 22.85, 45.42, 11.13, 30.73, 0.62,
6.87, 10.74, 1.32, 1.27, 3.96, 26.32, 11.18, 4.91, 8.7, 1.34, 12.64, 6.93, 11.25, 40.22, 9.59, 9.41, 17.05, 5.95, 3.06, 5.35, 21.5, 5.84, 2.67, 5.14, 0.96, 0.54, 5.26, 35.99, 10.67, 9.06, 13.05, 0.34, 2.95, 12, 1.85, 9.3, 2.74, 6.59, 6.83, 2.14, 9.82, 9.35, 11.75, 11.39, 5.04, 2.74, 11.76, 9.04, 4.67, 18.25, 3.84, 19.81, 29.25, 5.07, 5.41, 8.89, 1.91, 2.81, 10.05, 7.04, 0.82, 10.07, 2.25, 14.29, 43.93, 3.92, 24.82, 10.33, 7.39, 7.61, 16.23, 21.02, 26.45, 2.6, 3.53, 0.47, 3.2, 14.23, 7.4, 25.08, 3.51, 9.17, 7.44, 0.54, 20.76, 7.31, 14.4, 11.22, 12.23, 19.09, 9.41, 4.07, 9.49, 2.37, 6.19, 2.4, 4.06, 1.91, 1.21, 3.17,
7.0,7.0,7.0,7.0,7.0,8.0,8.0,8.0,8.0,8.0,9.0,9.0,9.0,9.0,9.0,10.0,10.0,10.0,10.0,10.0,11.0,11.0,11.0,11.0,11.0,12.0,12.0,12.0,12.0,12.0,13.0,13.0,13.0,13.0,13.0,14.0,14.0,14.0,14.0,14.0