100
0 468 0 0 648 0 322 0 0 0 0 142 0 0 0 0 0 623 0 0 166 858 0 0 0 301 0 402 0 161 0 0 0 0 0 0 0 0 0 0 268 0 0 992 0 754 0 328 0 0 0 0 0 112 0 681 0 0 0 0 0 0 0 0 0 0 951 0 0 0 0 0 0 0 0 0 0 0 0 591 0 0 0 0 0 0 0 765 0 117 0 0 837 171 11 0 0 0 0 0
0 0 0 0 648 0 0 951 0 0 0 0 206 676 0 0 452 0 0 0 166 0 157 89 0 0 0 0 0 0 145 150 0 0 0 0 0 0 0 0 268 0 0 0 0 0 0 328 0 0 0 0 0 0 0 0 578 0 0 575 0 0 0 0 0 613 0 0 0 0 0 0 763 0 907 0 0 0 0 0 0 0 164 0 0 0 0 765 0 117 851 0 837 0 0 0 0 0 0 0
0 0 0 0 648 0 0 0 189 0 0 0 0 0 0 0 0 0 0 0 0 0 0 0 0 301 0 0 0 161 145 0 0 0 617 0 0 0 0 0 268 0 0 0 192 0 243 0 0 997 439 0 198 112 0 0 0 0 0 575 0 0 0 104 0 0 0 0 0 0 176 0 0 0 0 0 0 0 0 591 0 0 0 922 129 0 0 0 0 0 0 618 0 0 11 0 0 0 0 0
0 0 0 785 0 0 322 0 0 0 460 142 0 0 0 416 452 623 0 465 0 0 0 89 0 0 752 402 0 161 0 150 0 493 0 0 0 0 223 0 0 0 0 0 192 0 0 0 0 997 0 0 0 0 0 0 0 0 0 575 0 0 0 0 0 0 0 0 0 0 0 0 0 0 0 0 201 0 0 0 0 0 0 0 0 663 0 0 0 0 0 0 0 0 0 0 0 0 0 129
0 0 0 0 648 146 322 0 0 0 0 142 0 0 0 416 452 623 0 465 166 0 0 0 0 0 0 0 0 0 145 0 515 493 0 0 0 0 223 0 0 599 0 0 0 0 0 328 0 997 0 0 0 0 0 0 0 0 0 0 0 0 0 0 0 0 0 0 745 0 0 436 0 0 907 0 0 0 479 591 98 0 0 0 0 0 784 765 0 0 0 0 0 171 11 0 0 0 934 0
878 0 543 0 648 0 0 0 189 0 0 0 0 0 0 416 452 0 0 0 0 0 0 89 0 0 0 402 0 0 0 0 0 0 617 0 0 6 0 0 0 0 0 0 0 0 0 0 0 0 439 0 0 0 0 0 0 0 0 575 0 590 224 0 0 0 0 0 0 435 176 436 0 0 0 0 0 0 479 0 0 0 164 0 0 0 0 0 0 0 0 0 0 0 0 0 0 0 0 0
0 468 543 0 648 0 0 0 0 0 460 0 0 676 0 416 0 623 252 0 0 0 157 89 0 0 0 402 449 0 145 0 0 0 617 448 0 6 223 0 0 599 0 0 0 0 0 0 5 0 0 0 0 0 0 0 0 0 0 0 0 0 0 0 0 0 0 0 0 0 176 0 763 0 0 0 0 0 479 0 0 0 0 922 0 0 0 0 673 0 0 618 0 0 0 0 270 0 0 0
0 0 0 0 0 0 322 951 189 0 0 0 0 0 0 0 0 0 0 0 0 0 0 0 0 301 0 0 0 0 0 0 0 0 617 0 0 0 0 0 0 0 0 0 0 754 243 0 0 0 0 0 0 0 0 681 0 417 0 575 0 0 0 0 0 0 951 0 0 435 0 0 0 0 0 0 0 0 0 0 0 0 0 0 129 0 784 0 0 0 0 0 0 0 0 0 0 0 934 0
0 0 0 0 648 0 0 951 0 0 460 0 0 676 0 0 0 0 0 0 0 0 0 0 0 0 0 0 0 161 145 0 515 493 0 0 57 0 0 0 0 0 0 0 192 0 243 0 5 0 439 0 0 0 251 0 0 0 0 0 0 0 0 0 0 0 0 0 0 0 0 0 0 0 907 0 0 0 0 0 0 951 0 922 0 0 0 0 0 0 0 0 0 0 0 0 0 825 0 0
0 0 0 0 0 0 322 0 189 0 0 0 206 676 0 0 0 0 0 0 0 0 0 0 0 0 0 0 0 161 0 0 0 0 617 0 0 0 0 0 0 0 0 0 0 0 0 0 0 997 0 998 0 112 0 681 578 0 0 0 0 590 0 0 0 0 0 0 0 0 0 0 0 0 0 816 201 0 0 591 0 0 0 922 0 0 0 0 0 117 851 618 0 171 0 324 0 0 0 0
0 0 0 0 0 0 0 0 0 0 460 0 0 0 0 0 0 0 0 0 0 858 0 89 894 0 0 0 0 161 0 0 0 0 0 0 0 0 223 851 0 599 0 0 192 0 0 0 0 0 0 0 0 0 251 0 0 417 0 0 578 0 224 0 737 613 0 0 0 0 0 0 763 0 0 0 0 0 0 591 0 0 0 922 129 0 0 765 0 0 0 0 0 0 0 0 0 0 0 0
0 468 0 0 0 146 0 0 0 0 0 0 206 0 0 0 0 623 252 0 0 858 0 0 0 301 0 0 449 0 145 0 0 0 0 0 0 0 0 0 0 0 0 0 0 0 0 0 0 0 439 998 0 0 0 681 578 417 0 575 0 0 0 104 0 0 0 0 0 0 176 436 0 0 0 0 0 0 0 0 0 951 0 0 129 0 0 765 0 0 851 618 0 171 0 0 0 825 0 0
0 0 0 0 0 0 0 0 189 751 0 0 0 0 139 416 0 623 0 0 0 0 0 0 0 0 0 0 0 161 0 0 0 0 0 448 0 0 0 0 0 0 0 0 0 0 0 0 0 0 0 0 0 0 0 0 0 417 0 0 0 0 0 0 0 0 0 0 0 0 0 0 0 919 0 816 0 0 479 0 0 0 0 0 0 0 0 0 673 117 0 0 0 0 0 0 270 0 934 0
0 0 0 0 0 0 0 0 0 0 0 0 0 0 139 0 0 0 0 0 0 0 0 89 894 0 0 0 0 0 0 0 0 493 0 0 0 6 0 851 268 0 0 0 192 0 0 0 0 0 0 0 0 0 0 0 0 0 729 0 0 590 0 0 0 0 0 0 0 0 0 0 0 0 907 0 0 0 0 0 0 0 0 0 0 0 0 0 0 0 0 0 0 0 0 0 270 0 0 0
878 0 0 785 0 0 0 951 0 0 0 0 0 0 0 0 0 0 252 0 0 0 0 0 0 301 0 0 0 0 0 0 0 0 0 448 57 0 223 0 0 0 0 0 0 0 243 328 0 0 0 0 0 0 251 0 0 0 0 575 0 590 224 0 0 0 0 0 0 0 0 436 763 0 907 816 0 51 479 591 0 0 164 0 0 663 0 765 0 117 851 0 0 0 0 0 0 0 934 129
0 0 0 0 648 0 0 0 0 0 0 142 0 0 0 0 0 0 252 0 0 858 0 0 0 0 0 402 0 0 145 0 515 0 617 0 57 0 0 0 0 0 0 0 0 0 0 0 0 0 0 0 0 112 0 0 0 417 0 0 0 0 0 0 0 0 0 0 0 0 0 0 0 919 0 0 201 0 479 0 0 0 0 0 0 663 0 765 673 0 0 0 837 0 0 0 0 0 0 0
878 0 0 0 0 0 322 0 189 0 0 0 0 0 139 416 0 0 0 0 0 858 0 0 0 0 0 0 0 0 0 0 0 0 0 0 0 6 223 0 0 0 609 0 0 0 0 0 0 0 0 0 0 0 0 0 0 0 0 0 0 0 0 0 0 0 0 960 0 0 0 436 763 0 0 0 201 0 0 0 0 951 164 922 0 0 0 0 0 0 0 0 0 0 0 324 0 0 0 0
878 0 543 785 0 0 0 0 0 0 0 0 0 0 0 0 0 0 0 0 0 858 0 0 894 0 752 402 449 0 0 0 0 0 0 448 0 0 0 851 0 0 609 0 192 0 0 0 0 0 0 998 198 0 0 0 0 0 729 0 0 0 0 0 0 0 0 0 0 0 0 0 0 919 0 816 0 0 479 0 0 0 164 0 0 0 784 0 0 117 0 0 837 0 0 0 0 0 0 129
0 468 0 785 0 0 0 0 0 751 0 0 0 676 0 0 0 623 0 465 0 858 0 89 0 0 0 0 0 161 0 0 0 0 0 0 0 0 0 851 0 0 0 992 192 0 0 328 0 0 0 0 0 0 0 0 0 0 0 0 0 0 224 0 737 0 951 0 745 0 0 436 763 0 0 0 0 0 0 591 0 0 164 0 0 663 784 765 0 0 0 618 837 0 0 0 0 825 0 0
878 0 543 0 0 0 0 0 0 0 460 0 206 0 0 0 0 623 0 0 166 0 0 89 0 301 0 0 0 161 145 0 0 0 617 0 0 0 0 0 268 0 0 992 0 0 0 0 0 997 0 0 0 0 0 681 0 0 0 575 0 0 0 104 0 0 951 0 0 0 176 436 0 0 0 816 0 0 0 0 0 0 0 0 0 0 0 0 0 0 0 0 0 0 0 0 0 0 934 0
0 0 543 785 0 0 0 0 0 0 0 0 206 0 139 0 0 0 0 0 0 0 0 89 0 0 0 0 0 161 0 150 0 0 0 0 0 0 0 0 0 0 609 0 192 0 0 0 0 0 0 998 0 0 0 0 0 417 0 575 0 0 0 0 0 613 0 0 0 435 0 0 0 0 907 0 0 51 0 0 0 0 0 0 0 0 0 0 0 0 0 0 837 0 0 0 0 0 934 129
0 0 0 0 0 0 322 951 0 0 0 0 0 0 0 0 0 0 0 0 0 0 0 89 0 0 0 0 449 0 0 0 515 493 0 0 0 0 0 0 0 0 0 0 0 0 0 0 0 997 0 0 0 0 0 0 0 0 729 0 0 0 0 0 737 0 0 0 0 435 176 0 763 919 0 0 201 0 0 0 0 0 164 922 0 0 0 0 0 0 0 0 0 0 0 0 0 0 0 0
0 0 543 785 0 0 0 0 0 0 0 142 206 676 139 0 0 0 252 465 0 0 0 0 0 301 0 0 449 0 0 0 0 0 0 0 0 0 0 0 0 0 0 0 192 0 0 0 5 0 0 0 0 0 0 0 0 0 0 575 0 0 0 0 0 613 0 0 0 0 176 0 0 0 0 0 0 51 479 0 0 0 0 0 129 663 0 0 0 0 851 0 837 0 0 0 270 0 934 0
0 0 0 0 0 0 322 0 0 0 0 0 0 0 0 0 452 0 252 0 0 0 157 89 0 301 0 402 449 0 0 0 0 493 0 448 57 0 0 0 0 599 0 992 0 754 0 0 0 0 0 0 0 0 0 0 578 0 0 575 0 0 0 0 0 0 0 960 0 0 0 0 763 0 0 0 0 0 0 0 0 0 0 0 0 0 784 0 0 0 0 0 0 171 0 324 0 0 0 0
0 0 0 0 648 0 0 0 0 0 0 0 0 0 0 0 0 0 252 465 0 0 0 0 894 301 0 0 0 0 0 0 515 0 0 0 0 0 0 851 0 599 0 0 0 0 0 0 0 0 0 0 198 0 0 0 0 0 0 0 0 590 0 0 0 0 0 0 0 0 176 0 0 0 0 0 0 0 0 0 0 0 0 922 129 663 784 0 0 117 0 0 837 0 11 0 0 0 0 0
0 0 0 0 0 0 0 0 189 0 0 0 0 0 0 416 0 0 0 0 0 0 0 0 0 0 0 0 0 0 0 0 0 0 0 0 57 0 223 0 0 0 0 0 192 0 0 0 0 0 439 998 198 112 0 0 578 417 0 0 0 0 224 0 0 0 0 0 0 0 0 0 0 0 0 0 201 0 479 0 0 0 0 0 0 0 0 0 0 0 0 0 0 171 0 0 0 0 0 0
0 0 543 0 0 0 0 951 0 0 0 0 0 0 0 0 0 0 0 0 0 0 0 0 0 0 0 0 0 0 0 150 0 0 0 0 57 0 223 851 0 0 0 0 192 0 0 0 0 0 0 0 0 0 251 0 0 0 0 0 0 590 0 0 737 0 0 0 0 0 176 0 0 0 0 0 0 0 0 0 0 0 0 0 0 0 0 765 0 0 0 0 837 0 0 0 0 0 934 0
0 0 0 0 0 0 322 951 0 0 460 142 0 0 0 0 0 623 0 0 166 0 0 89 0 301 0 0 0 0 0 150 515 0 0 0 0 6 0 0 0 0 0 0 0 754 0 0 0 0 0 0 0 0 0 0 0 0 0 0 0 0 0 0 0 613 0 0 0 0 0 0 0 0 0 0 201 51 0 0 98 0 0 0 0 663 0 0 673 0 851 0 0 0 11 0 0 825 0 129
0 468 0 785 0 0 0 951 0 0 0 0 206 0 0 0 0 0 0 0 0 0 157 89 0 0 0 0 0 0 0 0 0 493 617 0 0 0 0 0 0 0 0 0 0 0 0 0 5 997 0 998 0 0 0 0 578 0 729 0 0 590 0 0 737 613 0 960 0 0 176 0 0 0 0 816 0 0 0 0 0 0 164 922 129 0 0 0 0 0 0 0 0 0 11 0 0 825 0 0
0 0 0 0 648 0 0 951 0 0 0 0 206 676 0 0 0 0 252 0 0 0 0 0 894 0 0 0 0 0 0 0 0 0 0 448 0 0 0 851 268 0 0 0 0 0 243 0 0 0 439 0 0 0 0 0 0 0 0 0 0 0 224 104 0 0 0 0 0 0 0 436 763 0 0 0 0 0 0 0 0 0 0 0 0 663 0 765 0 0 0 0 837 171 11 0 0 0 0 0
0 0 0 0 648 0 0 951 0 0 0 142 0 0 139 0 0 0 252 0 166 858 0 0 0 0 0 0 0 0 0 0 515 0 0 448 0 0 223 0 0 0 0 0 0 0 0 0 0 0 0 0 0 0 0 0 0 0 0 0 0 0 0 0 0 0 0 0 745 0 0 0 0 0 0 0 0 51 0 0 0 0 0 0 0 0 784 0 0 0 0 0 837 0 11 0 0 0 0 0
0 468 543 0 0 0 0 0 0 0 0 0 0 0 0 0 452 0 0 0 0 0 0 0 0 0 0 0 0 0 145 0 0 0 0 0 0 0 0 0 268 0 0 0 192 0 0 0 0 0 0 0 0 0 0 681 578 0 0 0 0 0 0 0 0 0 0 0 745 0 0 0 0 0 0 0 0 0 0 0 0 0 0 922 0 0 0 0 0 0 0 0 0 171 0 0 270 825 0 129
0 0 0 785 0 146 0 0 189 751 0 0 0 0 139 0 0 0 0 0 0 0 0 0 894 0 0 0 0 0 0 0 0 0 617 0 0 0 0 851 0 0 0 992 0 754 0 328 5 0 0 0 0 0 0 0 0 0 0 0 0 0 0 104 0 0 0 0 0 435 0 0 0 0 0 0 0 0 0 0 0 0 0 0 0 663 0 0 0 0 0 0 0 0 0 0 0 0 0 0
0 0 0 0 0 0 322 0 0 0 0 142 0 0 0 0 452 0 0 465 0 0 157 89 0 301 0 0 0 0 0 150 0 0 617 0 0 0 0 0 0 0 0 0 0 0 0 0 5 0 0 0 0 0 0 0 578 0 0 0 0 590 224 104 0 0 0 0 0 0 0 0 0 0 0 0 0 0 0 0 0 0 0 0 0 663 0 0 0 0 851 0 0 171 0 0 0 0 0 129
0 0 0 0 648 146 0 0 0 0 0 0 0 0 139 0 0 0 0 465 0 0 0 0 0 0 0 0 0 0 0 150 0 0 0 0 0 0 223 0 0 0 0 992 192 0 0 0 0 0 0 0 0 112 0 0 0 0 729 0 0 590 0 0 0 0 951 0 745 0 0 0 0 0 0 816 0 0 0 0 0 0 0 0 0 0 0 0 0 0 851 618 0 0 0 324 0 0 0 0
878 0 0 0 0 0 0 0 0 751 0 0 0 0 139 0 0 623 0 0 166 0 0 0 0 0 0 0 0 0 0 0 0 0 617 448 0 0 223 0 0 0 0 0 0 0 0 0 0 997 0 998 0 112 0 0 0 0 0 0 578 0 0 0 737 0 0 960 0 0 0 436 0 919 0 0 0 0 0 591 0 0 0 0 0 0 0 0 0 0 0 618 837 0 0 0 0 0 934 129
0 468 0 0 0 146 0 0 0 0 460 0 0 0 0 0 0 623 0 0 166 0 0 0 0 0 0 0 449 0 145 0 0 0 617 448 0 0 223 0 0 0 609 0 0 0 0 0 0 0 0 0 0 112 0 0 0 0 729 0 0 0 0 104 737 613 0 0 0 0 0 0 0 0 0 0 0 51 0 591 0 0 0 0 129 0 0 0 0 117 0 618 0 0 0 0 0 0 0 0
0 0 0 0 0 0 0 0 0 0 0 0 0 676 0 0 0 0 0 0 0 0 0 0 0 0 0 402 449 161 0 0 0 0 0 0 0 6 0 0 0 0 0 0 0 0 0 328 0 997 0 0 0 0 251 0 0 0 0 575 0 0 0 0 0 613 0 0 745 0 0 436 0 0 0 0 0 0 0 0 0 951 0 0 0 0 784 0 0 0 0 618 0 0 0 0 0 0 934 0
0 0 543 0 0 0 322 0 0 751 0 0 0 676 0 0 452 623 0 0 0 0 0 0 0 0 752 402 0 0 0 0 0 0 0 0 0 0 0 0 0 0 609 0 192 0 0 0 0 0 0 998 0 0 0 0 0 417 0 0 578 590 0 0 0 0 0 0 745 0 0 0 0 0 0 0 201 0 0 591 0 0 0 0 0 0 0 0 0 0 0 618 0 0 0 0 270 0 0 0
0 468 0 785 0 0 0 0 0 0 460 0 206 676 0 416 452 0 252 0 0 0 0 0 894 0 0 0 0 0 0 0 515 0 0 0 0 0 0 0 0 0 609 0 0 754 243 328 0 0 0 0 0 112 0 0 0 417 0 575 578 0 0 104 737 0 0 0 0 435 0 0 763 0 907 0 0 0 0 591 98 0 0 0 0 0 784 0 0 0 851 0 837 0 11 0 0 825 0 0
0 0 0 0 0 0 0 0 0 751 0 0 0 676 0 416 0 623 0 0 0 0 0 89 0 301 0 402 449 0 0 0 0 0 0 0 57 0 0 0 0 599 609 992 0 754 0 0 0 997 0 0 198 0 0 0 0 0 0 0 0 590 0 0 0 0 0 0 0 0 0 0 0 0 907 816 0 0 0 0 0 0 0 0 129 0 784 0 0 0 0 0 0 171 0 0 0 825 0 129
0 0 543 0 0 146 0 951 189 751 460 0 0 0 0 0 0 623 0 0 0 0 0 89 0 301 0 402 0 0 0 0 0 0 0 0 0 0 0 0 0 0 0 0 0 754 243 0 0 0 0 998 0 0 0 0 0 417 729 0 0 0 0 0 737 0 0 0 0 0 0 436 0 0 0 816 0 0 0 0 0 0 164 0 0 0 0 0 673 0 851 0 837 171 11 0 0 0 0 0
0 468 0 0 0 146 0 0 189 0 0 142 206 0 139 0 0 0 0 0 0 0 157 0 0 301 0 0 0 0 145 0 0 0 0 448 0 0 223 0 0 599 0 0 192 0 243 0 0 0 0 998 0 0 0 681 0 417 0 575 0 590 0 0 0 0 0 960 0 435 0 436 0 919 0 0 0 51 479 591 0 0 0 0 0 663 0 0 0 0 0 0 837 0 0 0 0 0 934 0
0 468 0 785 0 0 322 0 189 751 0 0 0 0 0 0 0 0 0 0 0 0 0 0 894 0 0 0 0 0 0 0 0 0 0 448 57 0 0 0 0 599 609 992 0 754 0 0 0 0 0 0 0 0 0 0 0 0 0 0 578 0 0 104 0 0 0 960 0 0 176 0 0 0 0 816 0 51 479 0 0 0 0 0 0 663 784 0 0 0 0 0 837 171 11 324 0 825 0 0
0 0 543 0 0 0 0 0 0 751 460 142 0 0 139 0 0 0 0 0 0 858 157 0 0 301 0 0 0 0 0 0 515 493 0 0 0 0 0 0 268 0 0 0 192 0 0 0 0 0 439 998 0 0 251 0 0 0 0 0 0 0 0 0 0 0 0 960 0 0 176 436 763 0 0 0 0 0 0 0 0 0 164 0 0 0 0 0 0 117 0 618 837 0 0 0 0 0 0 0
0 0 0 0 0 0 322 0 0 0 0 0 0 0 0 416 0 623 0 0 0 0 0 0 0 0 752 0 0 0 0 0 0 0 0 448 0 0 0 0 0 0 0 0 0 754 0 0 0 0 0 0 0 0 251 681 0 0 0 575 0 590 0 0 0 0 0 0 0 0 0 0 0 0 907 0 0 0 0 0 0 0 0 0 0 0 0 0 673 0 0 0 0 171 0 0 270 0 0 0
878 0 0 0 0 0 0 951 0 0 0 0 0 0 0 416 0 0 0 465 0 858 157 0 0 0 0 0 0 161 0 0 0 0 0 0 0 0 0 0 0 0 0 0 0 754 0 0 5 0 0 0 0 112 0 0 0 0 0 0 0 0 224 104 0 0 951 0 0 0 0 0 0 919 0 816 0 0 0 0 0 951 164 0 0 0 0 0 673 0 0 0 0 0 0 0 0 825 934 129
0 0 0 785 0 0 0 0 0 0 0 142 0 0 0 0 452 0 0 0 0 858 157 0 0 0 0 0 0 0 0 0 0 0 0 0 0 6 0 0 0 0 609 0 0 0 0 0 5 0 0 0 0 112 0 0 0 417 729 0 0 0 224 0 737 0 0 0 0 0 0 0 0 0 0 0 0 0 479 0 0 0 0 922 0 663 0 0 673 0 0 618 0 0 11 0 0 825 0 0
0 468 0 0 0 0 0 0 189 0 0 142 0 0 0 0 0 0 0 465 0 0 0 0 0 0 0 0 0 161 0 0 515 493 0 0 0 6 0 0 0 599 0 0 0 0 0 0 0 997 0 0 0 0 0 0 0 0 0 0 0 0 0 104 737 0 0 0 0 0 0 436 763 0 0 0 0 0 0 0 98 951 0 0 0 0 0 0 673 0 0 0 0 0 0 0 0 0 0 129
878 0 0 0 0 146 0 0 0 0 0 0 0 0 139 0 0 0 0 0 166 0 0 89 0 301 0 0 0 0 145 0 0 0 0 0 0 0 0 0 0 0 0 0 0 0 0 0 0 0 0 0 0 0 0 0 0 0 0 0 0 0 0 0 0 0 0 0 0 0 176 0 0 0 0 0 0 0 0 0 0 0 164 922 129 663 0 0 673 0 0 0 0 0 0 0 0 0 0 129
0 0 0 785 648 0 0 0 189 0 460 0 0 0 139 0 452 0 0 465 166 0 0 0 0 0 752 0 0 0 0 150 515 493 0 0 0 0 0 0 268 0 0 0 0 0 0 0 0 0 439 0 198 0 251 0 0 0 0 0 0 0 0 0 0 0 0 0 745 0 0 0 0 0 0 0 0 0 0 591 0 0 0 0 129 0 0 765 0 0 0 0 0 0 0 0 0 0 0 0
0 468 543 785 0 146 0 0 0 0 0 0 0 676 0 416 0 0 0 0 0 0 0 0 0 0 0 0 0 0 145 0 0 493 0 0 57 0 0 0 268 0 0 0 0 0 0 0 0 997 0 0 0 112 0 0 578 0 729 575 0 590 0 0 0 0 0 0 0 0 0 0 0 0 0 0 0 0 0 0 0 0 0 0 0 0 0 765 0 117 851 618 0 171 0 0 270 0 0 0
878 0 543 0 0 0 0 0 0 0 0 0 0 676 0 0 0 0 0 0 0 0 0 89 0 0 0 0 0 161 0 0 0 493 0 0 0 0 0 0 268 0 0 992 0 0 0 328 0 0 439 998 0 112 0 681 0 417 0 0 0 590 0 0 0 0 0 0 0 0 0 0 0 0 0 0 0 51 0 0 0 0 0 922 0 0 0 765 0 117 0 0 0 0 0 0 0 825 0 0
0 0 0 785 0 0 0 951 0 0 0 0 0 0 0 0 0 0 0 0 0 0 0 89 894 0 0 0 0 161 0 0 0 0 0 0 0 6 0 0 0 599 0 0 0 0 0 0 0 0 0 0 0 0 0 681 0 417 0 0 0 0 0 0 737 0 0 0 0 0 0 436 0 0 0 0 0 51 479 0 0 951 0 0 0 0 0 0 673 0 851 0 0 0 0 0 0 0 934 129
0 0 0 785 0 0 322 0 189 0 460 0 0 0 0 416 0 0 0 0 166 0 0 0 0 301 0 402 0 0 0 0 0 493 0 0 0 6 223 0 268 0 0 992 192 0 0 0 0 997 0 998 0 0 0 0 0 0 0 0 0 0 224 0 0 613 0 0 0 0 0 436 0 0 907 816 201 0 0 0 0 0 0 0 129 663 0 0 0 0 0 618 837 0 11 0 0 0 934 0
878 0 0 0 0 0 0 0 189 0 0 142 0 0 0 416 452 623 0 465 0 0 0 89 0 0 0 0 0 161 0 0 0 0 0 0 0 6 0 851 0 0 0 0 0 0 0 0 5 0 0 0 0 0 251 681 578 0 0 0 0 0 224 104 737 0 0 0 0 0 0 0 763 0 907 816 201 0 479 0 0 951 164 0 0 663 0 0 0 0 0 0 837 0 0 324 270 0 0 129
0 468 0 0 0 0 322 0 189 0 0 0 0 0 139 0 0 0 0 465 166 0 0 89 0 0 752 0 0 0 0 150 0 493 0 0 57 0 0 0 0 599 0 992 0 0 243 0 0 997 0 0 198 0 0 0 578 417 0 0 578 0 0 104 0 0 0 0 0 435 0 0 0 0 907 0 0 51 0 0 0 0 0 0 0 0 0 765 0 0 0 0 0 0 0 0 270 825 0 0
0 0 0 0 0 0 0 0 189 0 0 142 0 0 0 416 0 623 0 465 0 0 157 0 0 301 0 0 0 0 0 0 0 0 617 0 57 0 0 0 0 0 0 0 192 754 0 0 0 0 0 0 0 0 0 0 0 0 0 0 0 0 0 104 0 613 0 0 0 435 0 0 0 0 0 816 201 0 479 0 0 0 164 0 0 663 0 0 0 0 0 0 0 171 0 0 0 0 0 0
0 0 0 0 0 0 0 0 0 0 0 0 0 0 0 416 0 0 0 0 166 0 0 0 0 0 0 0 0 0 0 0 0 0 617 0 0 0 0 0 0 0 0 0 0 0 0 0 0 0 0 0 0 0 0 0 0 0 0 0 0 0 0 0 737 0 0 0 745 0 0 436 0 0 907 0 201 51 0 0 0 0 0 0 0 0 0 0 673 0 0 0 0 0 0 0 0 0 0 0
878 0 0 0 0 146 0 0 0 0 460 142 0 0 0 0 0 0 0 0 0 0 0 89 0 301 752 0 449 0 0 0 0 0 0 0 0 0 0 0 0 0 0 0 192 0 0 0 0 0 0 0 0 0 0 0 0 0 0 0 0 0 224 0 0 0 951 0 0 0 0 436 0 919 0 0 0 0 479 591 0 951 164 922 129 0 0 0 0 117 851 0 837 0 0 324 0 825 934 0
0 0 0 0 0 0 0 0 0 0 0 0 0 0 0 0 0 0 0 465 0 0 157 0 0 0 0 0 0 161 0 0 515 493 0 448 0 0 223 0 268 0 0 0 0 0 0 328 5 0 0 0 0 112 251 0 0 0 0 0 0 0 224 104 0 0 0 0 0 0 0 0 763 0 0 0 0 0 0 0 0 0 0 0 129 0 0 0 673 117 0 618 0 171 0 0 0 0 0 129
0 0 0 0 0 146 0 951 0 0 0 0 0 0 0 0 0 0 0 0 0 0 157 89 0 0 752 0 0 0 145 0 0 0 0 0 0 0 223 0 0 599 0 0 192 0 0 0 0 0 0 998 0 0 0 681 578 0 729 575 0 0 224 0 0 0 0 960 745 0 0 0 0 0 0 0 0 0 0 0 0 0 0 0 0 0 0 0 0 117 851 0 0 0 11 0 0 0 0 0
0 0 0 785 0 0 0 0 189 0 0 0 0 676 0 0 0 0 0 0 0 858 0 0 0 0 752 0 0 0 0 0 0 493 0 0 0 6 0 851 0 0 0 0 0 754 0 0 0 0 0 0 0 0 0 0 0 0 0 0 0 0 0 0 0 0 0 0 0 0 0 436 0 919 0 0 201 0 0 0 0 0 164 0 129 0 784 0 0 0 0 0 0 0 0 0 0 825 934 0
0 0 543 0 0 0 322 951 0 751 0 0 206 0 0 416 0 0 0 0 0 0 0 0 0 0 752 0 0 161 0 0 0 0 0 0 0 0 0 0 268 0 0 0 192 0 0 0 0 997 0 0 0 0 251 0 0 0 0 0 578 0 0 0 0 613 0 0 0 0 0 0 0 0 907 0 0 0 0 591 98 0 0 0 129 0 0 765 0 0 851 0 0 0 0 0 270 0 934 0
0 0 0 785 0 0 0 0 0 0 0 0 0 676 0 0 452 0 252 0 0 0 0 0 0 0 0 0 449 161 0 0 515 0 0 0 57 0 0 851 0 0 0 0 0 0 0 0 0 997 0 0 0 0 0 0 578 0 0 0 0 0 224 0 0 0 0 960 0 0 0 0 763 0 0 0 0 0 479 0 0 0 0 0 0 0 0 0 0 117 851 0 0 0 0 0 0 0 0 0
0 468 0 785 0 0 322 951 0 0 460 0 206 676 0 0 0 0 0 465 0 0 0 89 0 0 0 0 0 0 0 0 0 0 0 0 0 0 0 0 0 0 0 992 192 0 0 0 5 0 0 0 0 0 0 0 0 0 0 0 0 590 0 0 0 0 0 0 0 435 0 0 0 919 0 0 0 51 0 0 0 0 0 0 0 663 0 765 0 0 0 0 0 0 0 0 0 0 0 0
0 0 0 0 648 0 0 0 189 0 0 0 0 676 0 0 452 623 0 0 0 858 0 0 0 0 0 402 0 161 0 150 515 0 0 448 0 0 0 0 268 0 0 992 0 0 243 0 0 0 0 0 0 0 0 0 578 0 0 0 578 0 224 0 0 0 0 0 0 0 0 436 0 0 0 816 0 0 479 0 0 0 164 922 0 0 0 0 0 0 0 618 0 0 11 0 0 825 0 0
0 0 0 785 0 0 0 0 0 0 0 0 0 676 0 0 0 0 0 0 0 0 0 0 0 301 0 0 0 0 0 0 0 0 0 0 0 0 223 0 0 0 0 0 0 0 0 0 0 0 439 0 198 0 251 0 578 0 0 0 0 0 0 0 737 613 0 0 0 0 0 0 763 919 0 0 0 0 0 591 98 951 164 0 0 0 0 0 0 0 0 618 0 0 0 0 0 0 0 0
0 0 543 0 0 0 0 0 189 0 0 0 0 0 0 416 452 0 252 0 0 0 0 0 0 0 0 0 0 161 0 0 0 0 0 0 0 6 0 851 0 599 0 0 0 0 0 328 0 997 439 0 0 0 0 0 578 0 0 0 0 0 0 0 0 0 0 0 0 435 0 0 0 0 0 816 0 0 0 0 0 0 164 0 0 0 0 765 673 0 0 0 0 0 0 0 0 0 0 0
0 0 0 0 0 0 0 0 189 0 0 0 206 0 0 0 452 0 0 0 0 0 0 0 894 0 0 0 0 161 0 0 0 0 0 0 0 0 223 0 0 0 0 0 192 0 0 0 0 0 0 0 0 0 0 0 0 0 0 0 578 0 0 0 0 0 0 0 0 435 0 0 763 0 0 0 0 0 479 591 0 0 0 0 0 0 0 0 0 0 0 0 0 0 0 0 270 0 0 129
0 468 0 0 0 0 0 0 189 0 0 0 0 0 0 0 0 623 252 0 0 0 0 89 0 0 0 0 0 0 0 0 515 493 0 0 0 6 0 851 0 599 0 0 0 0 243 0 0 0 0 0 0 0 0 0 0 0 0 0 0 0 0 104 737 0 0 0 0 0 0 0 0 0 0 816 0 0 479 0 0 951 164 0 0 0 784 0 0 0 851 0 837 171 0 0 270 0 0 129
0 0 0 0 0 0 0 951 0 0 0 0 0 0 0 416 0 0 252 0 166 0 157 0 0 0 0 0 0 161 145 150 0 0 0 0 0 0 0 0 268 599 609 0 0 0 0 0 0 0 0 0 0 0 0 0 0 0 0 0 0 590 0 0 0 0 0 0 0 0 0 0 0 0 0 816 201 0 0 0 0 0 0 0 0 0 0 0 673 0 0 0 0 171 0 0 0 825 934 0
0 468 543 0 648 0 322 951 0 0 0 0 0 0 0 0 0 0 0 0 0 0 0 89 0 0 0 402 449 0 145 0 0 0 0 448 0 0 223 0 0 0 0 0 0 0 0 328 5 0 439 0 198 0 0 0 0 0 0 0 0 0 0 104 0 613 951 960 0 0 0 436 0 919 0 0 0 0 479 591 0 0 0 0 0 0 0 0 0 0 851 0 0 0 0 0 0 825 0 129
0 0 0 0 0 0 0 0 189 751 0 0 0 676 0 416 0 0 0 465 0 0 0 0 0 0 0 0 0 0 0 0 0 0 0 0 0 0 0 0 268 0 0 0 192 754 0 328 0 0 439 0 0 0 0 681 0 0 0 575 0 0 224 104 0 0 951 0 0 0 0 0 0 0 0 816 0 0 0 591 0 0 0 922 0 0 0 0 0 0 0 618 0 0 0 0 270 0 0 0
0 468 0 0 0 0 0 0 0 0 0 142 0 0 0 0 452 0 0 0 0 0 0 0 0 0 0 0 0 0 0 0 515 0 617 0 0 0 0 851 0 599 0 0 0 0 0 0 0 0 0 998 0 0 0 0 0 0 0 0 578 0 0 104 0 0 0 0 0 0 0 436 0 919 907 0 0 0 0 0 0 0 0 0 0 0 0 0 0 0 851 618 837 171 0 0 270 0 0 0
878 0 0 785 0 0 0 0 0 751 0 0 206 0 0 416 0 0 0 0 0 0 0 0 0 0 0 402 0 0 0 150 0 0 0 0 0 0 0 0 268 0 609 0 0 0 0 0 0 0 0 998 0 0 0 0 0 0 0 0 0 0 0 104 0 613 951 0 0 435 0 0 0 0 0 816 0 0 0 0 0 0 0 0 0 0 0 765 0 0 0 0 0 0 11 324 0 0 0 0
0 0 543 0 0 0 0 0 0 0 0 0 0 676 0 0 0 0 252 0 0 0 0 0 0 0 0 0 0 0 145 150 0 493 617 0 57 0 0 0 268 599 609 0 0 0 0 0 0 0 0 0 0 112 0 0 578 0 729 0 578 0 0 0 0 0 951 0 0 0 0 0 0 0 0 816 0 0 479 0 0 0 0 0 0 0 0 0 0 0 0 618 0 171 0 324 0 825 0 0
0 0 0 785 648 0 0 0 0 0 0 0 0 0 0 0 0 0 0 0 166 0 0 0 894 0 0 0 0 0 145 0 0 0 0 448 0 0 0 0 0 0 0 992 0 754 0 0 0 0 439 0 0 0 0 681 0 0 0 0 578 0 0 0 737 0 0 0 745 0 0 436 763 919 907 0 0 0 0 0 0 0 0 0 0 663 0 0 0 0 851 618 0 0 0 0 270 0 934 0
0 0 0 785 0 146 0 0 0 0 0 0 206 0 0 0 0 0 252 0 0 0 0 0 0 0 0 0 0 0 0 0 0 0 0 0 0 0 0 0 0 0 609 0 0 754 0 0 0 0 439 0 0 112 0 0 578 0 0 575 578 590 0 0 0 0 0 0 0 0 176 436 763 919 907 0 0 0 479 0 98 0 164 0 129 0 0 0 0 0 0 0 0 0 0 324 0 0 0 0
0 0 0 0 0 0 0 0 0 751 0 0 206 0 139 416 0 0 0 0 0 858 157 0 0 0 0 402 0 0 0 0 515 0 617 0 0 6 0 0 0 0 0 0 0 0 0 0 0 997 439 0 0 0 251 0 0 417 729 0 0 590 0 0 0 0 0 0 0 0 0 0 0 0 0 816 0 0 0 591 0 0 164 0 0 0 0 0 673 117 851 0 837 0 0 0 0 0 0 129
878 0 0 0 0 0 322 0 0 0 0 0 0 676 0 0 0 0 0 465 0 0 157 0 0 301 0 0 0 0 0 0 515 0 0 0 0 6 0 0 0 599 0 0 0 754 0 0 5 0 439 0 0 0 0 681 0 0 0 575 0 590 0 0 737 0 0 960 0 0 0 0 0 0 0 0 0 0 0 0 0 0 164 0 129 0 784 0 0 117 851 0 0 0 0 0 0 0 0 129
0 0 0 0 0 0 0 0 0 0 0 0 0 0 0 0 0 0 0 0 166 0 0 89 0 301 0 402 0 161 0 0 0 0 617 0 0 6 223 0 0 0 0 0 0 0 0 0 0 0 0 0 0 0 0 0 0 417 0 0 0 0 0 0 0 0 0 0 0 435 0 0 0 0 0 0 0 51 0 0 0 0 0 0 129 0 0 0 0 117 0 618 0 171 11 0 270 0 934 0
0 0 0 0 0 146 0 951 0 751 0 142 0 0 139 0 452 0 252 465 0 0 0 0 0 0 0 0 0 0 145 0 515 493 0 0 0 0 0 0 268 0 609 0 0 754 243 0 0 0 0 0 198 0 0 0 578 0 0 0 0 0 0 0 737 0 0 0 0 0 0 0 0 919 0 0 0 51 0 0 98 0 0 0 0 0 0 0 0 0 0 0 837 171 0 0 0 0 0 0
0 0 543 0 648 0 0 0 0 0 460 0 0 0 0 0 0 0 0 0 0 0 0 0 0 0 0 402 0 0 0 0 0 0 617 0 57 0 0 0 0 0 0 0 192 0 243 0 0 0 439 0 0 0 251 0 0 0 0 0 0 0 0 0 0 613 0 0 0 0 0 0 0 919 0 0 0 51 0 0 0 0 0 0 0 0 784 0 0 0 851 0 0 0 0 0 0 0 0 129
0 0 0 785 0 0 322 0 0 0 0 0 0 0 139 0 0 0 0 0 0 0 0 0 0 0 0 0 0 0 145 150 0 0 0 448 0 0 0 0 0 0 609 0 0 0 243 0 0 0 0 998 0 112 251 0 578 417 0 0 0 590 0 0 0 0 0 0 0 0 0 0 0 0 0 0 0 0 479 0 98 0 0 0 0 0 0 0 673 0 0 0 0 171 0 0 0 0 934 0
0 468 0 0 0 0 0 0 0 0 0 142 0 676 0 0 0 0 0 465 0 0 0 89 0 0 0 402 0 0 0 0 0 0 0 448 0 6 223 0 268 0 0 0 192 0 243 328 5 997 0 0 0 0 251 0 578 0 0 575 0 0 0 104 0 0 0 0 0 0 0 0 0 0 0 0 201 0 0 0 0 0 0 0 0 0 0 0 673 0 851 0 0 171 11 0 0 0 934 0
878 0 0 785 648 0 0 951 0 0 460 142 0 0 139 0 0 0 0 465 0 0 0 89 0 301 0 0 449 0 145 0 0 0 0 0 0 6 223 0 0 0 0 0 192 0 243 0 5 0 0 0 0 0 0 0 0 0 0 0 0 0 224 0 0 613 0 0 0 435 0 436 0 0 0 816 201 51 0 591 0 0 0 922 0 663 0 0 0 117 0 0 837 0 0 324 270 0 0 0
0 0 0 0 0 146 0 0 0 751 0 0 0 0 0 0 452 0 0 0 0 858 0 0 0 0 0 0 0 0 0 0 0 493 617 0 57 6 0 0 0 599 0 0 0 0 0 0 0 997 0 0 0 0 0 0 0 0 0 0 0 590 0 0 0 0 0 0 0 0 0 0 763 919 0 0 0 0 0 0 98 0 0 0 129 0 0 0 0 0 0 618 0 0 0 0 0 0 0 129
0 0 0 785 0 0 0 0 189 0 0 0 0 0 0 0 452 623 0 465 166 0 157 0 0 0 0 0 449 0 0 0 0 0 0 0 57 0 0 0 0 0 0 0 0 0 0 328 0 0 0 0 198 0 251 0 0 0 0 0 0 0 0 0 0 0 0 960 0 0 176 0 0 919 0 0 201 0 0 591 0 0 0 0 129 0 784 0 0 0 0 0 0 171 11 0 270 825 0 0
878 0 543 0 0 0 0 0 0 0 0 0 0 676 0 0 0 0 0 0 0 0 0 0 0 0 0 0 0 0 0 150 0 0 0 0 57 0 0 0 0 0 0 0 0 0 0 328 0 0 0 0 0 0 0 681 0 0 0 0 0 0 0 0 0 0 0 0 0 0 0 0 763 0 0 0 0 0 0 591 0 0 0 0 0 0 0 0 0 0 851 0 0 0 0 0 0 0 0 0
0 0 0 0 0 146 0 0 0 0 0 142 0 0 0 0 452 623 0 0 0 0 0 0 0 301 0 0 0 0 0 0 0 493 0 0 0 0 0 851 0 599 0 0 192 0 0 0 0 997 439 0 0 0 0 0 0 0 0 575 0 0 0 104 0 0 0 960 0 0 0 0 763 0 0 0 0 0 0 0 0 0 0 0 0 0 784 0 0 0 851 0 0 0 0 0 0 825 934 0
0 0 0 0 648 0 0 951 0 0 0 0 0 0 0 0 452 0 0 465 0 0 0 89 894 0 0 0 0 161 0 0 0 0 0 0 0 6 0 0 0 0 0 0 0 0 243 328 5 0 0 0 0 0 0 0 0 0 0 0 578 0 0 0 0 613 0 0 0 0 0 0 0 0 907 0 0 51 479 0 0 0 0 0 0 0 0 0 0 0 0 618 837 0 11 0 0 0 0 0
0 0 0 0 0 0 0 951 189 0 0 142 0 676 0 0 0 0 0 0 0 0 0 0 0 0 0 0 0 0 0 0 0 0 617 0 0 0 0 0 0 0 0 0 0 0 0 0 0 0 439 998 0 0 0 0 0 0 0 575 0 590 0 0 0 0 0 960 0 435 0 0 0 0 0 0 0 0 0 0 98 0 0 0 0 0 0 0 673 0 0 0 837 0 11 0 0 825 0 0
0 0 0 0 0 0 322 0 0 0 0 0 0 0 0 416 0 0 0 0 0 0 0 89 0 0 0 0 0 0 0 150 0 0 0 448 0 0 0 851 0 0 0 992 192 0 0 0 0 0 0 0 0 0 0 0 0 0 0 0 578 0 0 0 0 0 951 0 745 0 0 0 0 0 0 0 0 0 479 0 0 0 164 0 0 663 0 765 0 117 0 618 0 0 0 324 270 0 0 0
878 0 543 0 0 0 0 0 0 0 0 0 0 0 0 0 0 623 252 0 0 0 0 89 0 0 752 0 0 0 0 0 0 0 0 0 0 0 0 0 0 0 0 0 0 754 0 328 0 0 0 0 0 0 0 681 0 0 0 0 578 0 0 0 0 0 0 0 0 0 0 0 763 0 907 816 0 0 479 0 0 0 0 922 129 0 784 0 0 0 851 0 837 171 0 0 0 0 0 0
0 0 543 0 0 146 0 951 0 0 0 0 0 0 0 0 0 0 252 465 0 0 0 0 0 0 0 402 449 0 0 0 0 493 0 0 0 6 223 0 268 0 0 0 0 0 0 0 0 0 0 0 0 112 0 681 0 0 0 575 0 0 0 0 737 613 0 0 0 435 176 0 0 0 0 0 0 0 0 591 98 0 0 922 0 663 0 0 673 0 0 0 837 0 11 0 0 0 0 0
878 468 0 0 0 0 0 0 0 0 0 0 0 0 0 0 0 0 0 0 0 0 0 0 0 0 0 0 0 161 0 150 0 493 0 0 0 0 0 851 0 0 0 992 0 0 0 0 0 0 0 0 0 0 0 681 0 417 0 0 0 0 0 0 0 613 0 960 0 435 176 436 0 0 0 816 0 0 0 0 0 0 0 0 0 663 0 0 0 0 0 0 837 171 0 0 0 0 934 0
0 468 0 785 648 0 0 951 0 0 0 0 0 676 0 0 452 0 0 0 0 0 0 0 894 0 0 0 449 0 145 0 0 493 0 0 0 6 0 0 268 0 609 0 0 0 0 0 5 0 0 0 0 0 0 0 0 0 0 0 0 0 224 0 0 0 0 0 0 0 0 436 0 0 0 0 0 0 479 0 0 951 0 922 0 0 0 765 0 117 0 0 837 0 0 0 0 0 0 0
0 0 0 0 0 0 0 0 189 0 460 0 0 0 0 0 452 623 0 0 0 0 157 0 0 0 0 0 0 0 0 0 515 0 0 448 0 0 0 851 0 0 0 0 0 0 243 0 5 997 0 998 0 112 0 0 0 0 0 0 578 590 0 104 737 0 0 0 0 0 0 0 0 0 0 816 0 51 0 0 98 0 164 922 129 0 0 765 0 117 0 0 0 0 0 324 0 0 0 0
0 0 0 0 0 146 0 951 0 0 0 0 0 0 0 416 452 0 252 0 0 0 157 0 0 301 0 0 449 0 145 0 0 493 0 0 0 0 223 0 0 0 0 0 0 0 0 0 0 997 0 0 198 112 0 0 0 0 0 0 0 0 224 0 0 613 0 0 0 0 0 0 0 0 0 0 201 0 479 0 98 951 0 0 0 0 0 0 0 0 851 0 837 0 0 0 270 0 0 129
9.03, 8.05, 3.65, 1.33, 1.32, 7.14, 2.89, 0.2, 9, 3.87, 4.58, 0.1, 1.13, 0.98, 2.1, 2.44, 4.06, 4.96, 2.9, 4.47, 5.76, 1.45, 0.98, 2.94, 5.62, 2.73, 2.1, 0.07, 0.34, 2.42, 0.84, 2.13, 1.16, 11.08, 5.13, 5.47, 5.12, 0.14, 2.19, 0.67, 11.31, 0.28, 2.6, 1.9, 20.02, 4.36, 1.18, 1, 1.31, 7.28, 0.19, 5.41, 2.96, 0.37, 2.98, 5.64, 1.82, 1.06, 7.13, 6.01, 4.52, 3.6, 3.04, 4.17, 2.5, 3.58, 1.07, 1.65, 7.67, 0.22, 0.35, 5.86, 0.08, 2.57, 2.46, 0.85, 2.44, 4.65, 0.9, 0.25, 0.57, 2.01, 1.08, 9.11, 0.53, 1.34, 6.54, 0.43, 2.86, 0.23, 1.98, 6.22, 1.76, 12.73, 2.51, 6.14, 1.58, 11.21, 1.39, 1.6,
19.9, 5.78, 1.07, 25.97, 16.51, 2.58, 35.73, 38.4, 11.49, 5.71, 10.89, 11.06, 6.84, 9.18, 3.01, 20.28, 24.05, 3.82, 14.29, 17.23, 7.82, 5.13, 2.42, 4.37, 11.2, 11.43, 1.61, 0.55, 0.6, 11.07, 29.46, 14.61, 4.99, 11.56, 10.36, 12.52, 8.92, 0.95, 3.52, 5.89, 4.54, 9.8, 7.91, 15.12, 13.85, 4.58, 10.11, 4.8, 8.62, 3.9, 1.97, 11.16, 8.69, 4.42, 14.97, 5.74, 0.76, 0.78, 3.97, 6.74, 27.59, 24.62, 3.15, 14.74, 15.46, 10.54, 1.37, 8.26, 9.71, 9.17, 4.26, 0.92, 4.89, 7.76, 3.73, 21.94, 23.54, 1.57, 11.8, 2.74, 2.24, 4.15, 6.18, 4.15, 1.42, 2.82, 5.42, 1.26, 5.48, 13.7, 31.61, 4.04, 1.89, 6.18, 1.8, 3.82, 9.35, 1.49, 9.19, 7.96,
7.0,7.0,7.0,7.0,7.0,8.0,8.0,8.0,8.0,8.0,9.0,9.0,9.0,9.0,9.0,10.0,10.0,10.0,10.0,10.0,11.0,11.0,11.0,11.0,11.0,12.0,12.0,12.0,12.0,12.0,13.0,13.0,13.0,13.0,13.0,14.0,14.0,14.0,14.0,14.0
