100
0 222 32 903 0 0 454 0 51 360 897 372 0 0 171 0 0 614 0 228 902 0 0 0 0 0 0 619 857 478 894 170 0 0 0 0 672 919 326 547 6 0 638 0 818 119 664 202 0 695 0 0 0 0 0 455 80 0 555 0 0 0 717 0 74 0 0 0 0 650 157 910 0 170 0 567 0 461 0 779 824 283 730 496 67 39 0 219 423 550 0 241 896 483 0 321 0 0 0 879
0 0 0 903 959 943 0 438 0 0 0 0 0 528 171 539 111 614 0 0 902 0 0 884 0 0 0 0 0 478 0 0 621 723 191 569 0 919 326 547 0 371 0 0 0 0 0 0 0 695 529 0 699 474 232 455 0 0 0 23 212 0 0 0 74 100 946 931 922 0 0 0 922 170 0 0 0 0 0 0 0 0 730 0 0 39 0 219 0 0 0 0 0 0 264 321 0 728 0 879
313 222 0 0 0 943 454 0 51 0 897 0 0 528 0 539 111 0 0 0 0 0 422 0 239 0 0 0 0 0 894 0 621 723 0 569 0 0 0 547 6 0 0 610 0 0 664 202 0 0 0 0 0 0 232 455 0 0 0 23 212 0 0 777 0 100 946 0 922 650 157 910 922 170 74 0 366 461 465 779 0 283 730 0 67 0 238 0 0 550 714 241 896 0 0 0 665 0 0 879
0 0 32 903 0 943 454 0 0 0 897 372 0 0 0 0 0 614 0 228 0 199 0 884 0 0 877 0 857 0 0 0 0 723 0 0 672 0 326 0 6 0 638 610 818 119 664 0 587 695 0 0 699 474 0 455 0 0 0 0 0 637 717 777 74 100 0 0 0 0 0 0 0 0 0 0 0 0 0 0 0 283 730 496 0 0 238 219 423 0 0 0 896 0 0 0 0 728 572 879
0 222 32 903 0 0 0 0 51 0 897 372 0 0 0 0 0 614 545 228 0 199 422 884 0 292 877 0 857 478 894 0 621 723 191 0 672 0 326 0 6 0 638 0 0 0 664 0 0 695 0 370 0 0 0 455 80 0 555 23 212 0 0 0 74 0 0 931 0 650 0 0 0 0 74 0 0 0 465 779 0 283 730 496 67 39 238 0 0 0 0 241 896 483 0 0 665 0 0 879
0 222 0 0 0 943 0 0 51 360 897 372 0 0 0 539 0 0 0 228 902 199 422 0 0 0 0 0 857 0 0 170 0 723 0 0 0 0 326 547 6 0 638 610 818 0 664 0 587 695 0 0 0 0 232 455 0 0 555 0 212 637 717 0 0 100 0 931 922 650 0 0 922 0 74 0 366 0 0 779 824 283 0 0 67 0 0 0 423 550 714 241 896 483 264 0 0 728 0 0
313 222 32 0 0 943 0 438 0 0 897 372 0 0 171 0 111 0 0 0 0 199 0 0 239 0 0 619 0 0 894 170 0 0 191 0 672 919 0 0 0 371 638 610 0 119 664 202 587 695 529 0 699 0 0 455 0 0 0 23 0 0 717 777 74 100 946 931 0 0 157 910 0 0 0 567 0 461 0 0 824 0 0 0 0 39 0 0 423 0 0 0 0 0 264 0 665 728 0 879
313 0 0 903 959 0 454 0 0 0 0 0 504 528 0 0 0 614 0 228 902 199 0 0 0 0 877 619 857 0 894 0 0 0 191 0 672 0 326 0 0 371 0 610 0 0 0 0 587 0 0 370 699 474 0 0 80 258 0 0 0 0 717 0 74 100 0 931 922 650 0 910 0 0 74 0 0 461 465 0 0 0 730 0 67 0 0 0 423 550 0 0 0 483 264 321 0 728 572 0
313 222 0 0 959 0 454 438 0 0 897 372 0 0 0 539 0 614 545 0 0 0 0 0 0 0 877 619 0 0 0 0 0 723 0 569 0 0 0 547 6 371 0 610 818 0 664 202 0 0 529 0 0 0 232 0 80 258 0 23 212 0 0 0 0 100 946 0 0 650 157 910 0 0 0 0 0 0 0 0 0 283 0 496 0 0 0 0 423 550 0 0 0 483 264 321 0 0 572 0
313 0 0 0 959 943 454 0 0 0 897 0 0 0 0 539 0 614 0 228 0 0 0 0 239 292 0 0 0 478 0 0 621 723 191 569 672 919 326 0 0 0 0 0 0 0 664 202 587 0 0 370 699 0 232 455 80 258 0 0 212 637 717 777 74 100 946 931 922 650 157 0 0 0 0 0 366 0 465 779 0 0 0 0 0 0 0 0 423 550 0 0 896 483 0 321 665 0 572 879
0 0 0 903 0 0 454 0 51 0 897 372 0 528 0 539 111 0 0 0 902 0 0 884 0 0 877 619 0 0 0 0 621 723 0 569 0 919 0 0 0 371 0 610 0 0 664 0 587 695 529 370 699 0 232 0 80 258 0 23 212 0 0 777 74 0 0 931 922 650 157 0 922 170 0 567 0 0 465 0 824 0 0 0 67 0 0 0 0 550 714 241 896 0 0 0 0 0 0 0
0 0 32 0 959 0 0 438 0 360 897 0 0 0 0 539 0 0 545 228 902 0 422 0 0 0 877 0 857 0 0 0 621 0 0 0 672 919 326 547 0 0 0 0 818 119 0 202 0 695 0 0 0 0 232 455 80 0 555 23 0 637 717 777 0 0 0 0 0 0 0 0 922 170 0 0 0 461 465 779 0 0 730 496 67 39 0 219 423 0 714 0 0 0 0 0 0 0 572 0
0 222 32 903 959 0 0 438 51 0 897 372 0 0 0 539 111 614 0 0 902 199 0 884 239 292 877 0 857 478 894 0 0 0 191 569 672 919 0 0 6 0 638 0 818 0 0 0 0 695 529 0 0 0 0 0 80 0 555 0 212 0 717 0 0 100 946 0 0 650 0 0 0 0 0 567 366 0 0 779 0 0 730 0 0 0 0 219 0 0 0 0 896 0 0 0 0 0 572 0
0 222 0 903 959 943 454 438 0 360 0 372 0 0 0 539 0 0 0 0 0 0 0 0 0 0 0 0 857 478 894 0 621 723 191 0 0 919 0 0 6 371 0 610 0 0 0 202 0 695 529 0 0 474 0 0 80 258 0 23 212 0 0 777 74 0 0 931 922 650 0 910 0 170 74 567 0 0 0 0 824 0 0 496 67 39 0 219 0 550 714 241 0 483 0 321 665 0 0 0
0 0 32 903 959 943 454 0 0 360 897 0 504 528 0 0 111 614 0 0 902 0 422 0 239 0 0 0 857 0 0 170 621 723 0 0 0 0 326 0 6 371 0 0 0 0 0 202 587 695 529 0 0 474 232 455 0 0 555 23 0 0 0 0 0 100 946 0 922 0 157 910 0 170 0 0 0 0 465 0 0 0 730 0 0 0 0 219 423 0 714 241 896 483 264 0 0 728 0 0
0 0 32 903 0 0 0 438 51 0 897 0 0 528 0 539 0 614 545 228 902 199 0 0 0 0 0 619 0 478 894 170 621 723 0 569 0 0 326 547 0 371 638 610 818 119 664 202 0 0 0 0 0 474 232 0 0 0 0 0 0 637 717 0 0 0 0 931 922 0 157 910 0 0 0 0 366 461 0 0 0 0 730 496 67 39 0 219 423 0 714 241 896 0 264 0 0 0 572 0
313 0 0 903 0 0 454 0 51 0 0 372 0 0 171 0 111 0 545 228 0 0 422 0 239 0 0 0 0 0 0 170 621 0 0 569 672 919 326 547 6 0 638 610 0 0 664 0 0 0 529 0 0 474 0 455 80 0 555 0 0 637 717 777 0 100 0 0 922 0 0 0 0 170 0 0 366 0 0 779 824 0 730 0 67 0 238 219 0 550 714 0 0 483 264 321 0 0 572 879
0 0 32 0 0 943 454 438 0 360 897 0 0 528 0 0 0 0 545 0 902 0 422 0 0 0 0 0 0 0 0 0 0 0 0 569 672 0 326 0 6 0 0 0 818 0 0 0 587 695 529 0 699 0 0 0 80 0 555 0 0 0 0 0 0 100 946 0 0 0 0 910 922 0 74 567 0 0 0 779 824 0 730 0 0 0 238 0 0 550 0 241 0 483 0 0 0 0 572 0
0 222 32 0 0 943 0 438 0 360 0 0 0 0 0 0 0 614 0 0 902 199 0 884 0 0 0 0 0 0 0 0 0 723 0 569 672 0 326 0 0 371 638 0 0 0 0 202 587 695 0 370 699 0 0 0 0 258 0 23 212 637 717 0 0 100 0 931 922 650 157 0 922 0 74 0 366 0 0 779 0 0 0 496 0 39 238 0 423 0 0 241 0 483 0 0 665 0 572 0
0 0 0 0 0 943 0 438 0 360 897 0 504 528 171 539 0 614 545 0 0 199 0 0 0 292 0 0 0 478 894 0 0 0 0 0 672 0 0 547 6 0 638 610 0 0 0 0 0 695 0 0 699 0 232 455 0 0 555 23 212 0 717 0 0 100 946 931 0 0 157 0 922 0 0 0 0 0 465 779 824 283 730 0 0 0 238 0 423 0 714 0 0 0 264 0 665 0 0 879
313 222 32 0 0 0 454 438 0 0 897 0 0 0 0 0 0 614 0 0 902 0 0 884 239 292 0 619 0 0 0 0 0 723 191 0 0 919 326 547 6 0 638 610 0 119 0 202 0 0 0 0 0 0 0 0 0 0 0 0 0 0 717 777 74 100 946 931 0 0 157 0 0 0 74 0 0 0 0 779 824 283 0 496 67 0 238 0 0 550 0 0 896 483 0 321 665 728 0 879
0 0 0 903 0 943 0 0 0 0 0 372 504 0 0 539 111 0 545 0 0 199 422 0 0 0 0 0 857 0 0 0 621 723 191 569 0 0 0 547 6 0 638 0 0 0 0 202 0 695 0 0 0 474 0 455 80 258 0 23 0 637 717 0 0 100 0 931 0 650 157 0 922 0 74 567 366 461 465 779 0 283 0 0 0 39 238 219 423 0 0 0 0 0 264 0 665 0 0 879
313 222 32 0 959 943 0 438 0 0 0 0 504 0 0 0 111 614 545 0 902 0 0 884 0 0 877 619 857 478 0 0 0 0 0 0 0 919 0 547 0 0 0 0 818 119 0 202 587 695 529 0 0 0 232 455 80 0 0 0 212 637 0 777 0 0 0 0 0 0 0 910 922 170 0 567 0 0 0 779 0 0 0 496 0 0 238 0 423 0 0 241 0 483 264 0 665 0 0 0
313 0 0 0 959 0 0 438 51 0 897 372 504 528 0 539 111 614 545 0 902 0 0 884 239 0 0 0 857 0 894 0 0 0 191 569 672 0 0 0 6 0 638 0 0 0 664 0 587 0 529 370 699 0 232 0 0 0 0 0 0 0 0 0 0 100 0 0 0 0 0 910 0 170 0 0 0 461 465 779 824 283 730 496 67 39 238 0 423 550 714 0 0 483 264 321 0 0 0 0
313 222 0 903 959 0 0 438 0 360 897 0 504 0 171 0 111 614 545 0 902 0 422 0 0 292 877 619 0 0 0 0 621 723 191 0 0 919 0 547 0 0 0 0 0 0 0 202 0 0 0 370 0 474 232 455 0 258 0 23 0 637 0 777 0 0 0 0 922 650 157 0 922 0 0 567 366 0 0 779 0 0 730 0 0 39 0 0 0 550 0 0 0 0 0 0 0 0 572 0
0 0 0 0 0 0 0 438 51 0 897 0 504 0 0 539 111 0 545 0 902 0 422 0 0 292 0 0 857 478 894 170 0 723 0 569 0 919 326 0 0 0 638 0 818 0 0 202 0 0 0 0 699 474 0 0 0 0 0 0 212 637 0 777 74 0 0 0 0 650 157 910 0 170 74 0 0 461 0 0 824 0 730 0 0 39 238 219 0 550 0 0 0 0 0 0 0 728 572 0
313 0 32 0 0 943 0 438 0 0 897 372 504 0 171 0 111 614 545 0 0 0 0 884 239 0 0 0 0 0 894 0 621 0 191 569 0 919 326 547 0 371 638 610 0 0 0 0 0 0 529 0 699 0 232 455 0 0 0 23 212 0 0 0 0 100 0 0 0 0 157 0 922 170 74 567 366 0 0 779 0 283 730 496 0 39 238 219 423 550 0 241 896 0 0 321 665 0 0 879
0 222 0 903 0 0 0 438 0 0 897 372 0 0 0 539 0 614 0 228 902 199 0 0 0 0 0 619 0 478 0 0 0 723 191 0 0 919 326 547 0 371 638 0 0 0 664 202 0 0 529 370 0 474 0 455 0 258 555 0 212 0 0 0 0 0 0 0 922 0 0 0 0 170 0 0 0 0 0 0 824 283 0 0 67 0 238 219 423 0 0 0 0 0 264 321 0 728 572 879
0 0 32 0 959 0 0 438 51 0 897 372 0 528 0 0 0 614 0 0 902 199 422 884 239 0 0 0 857 478 0 0 0 0 0 0 672 0 0 547 6 0 638 0 0 119 664 0 0 695 529 0 0 474 0 455 0 258 0 0 0 0 0 777 0 0 946 931 0 0 0 0 0 170 0 0 366 461 465 0 0 283 0 0 67 0 238 219 423 550 0 241 0 483 0 0 665 728 0 879
0 0 0 903 959 0 454 0 0 0 897 372 0 0 171 539 0 0 0 0 0 0 0 884 239 292 877 0 857 0 894 0 0 723 191 0 0 919 0 0 0 0 0 610 0 0 0 0 0 0 0 0 699 0 232 0 0 258 555 0 212 0 0 0 0 0 946 0 922 0 0 0 0 0 74 567 366 0 465 779 824 283 0 496 0 39 0 0 423 550 714 241 0 0 0 0 0 728 572 0
0 222 32 0 0 943 0 438 0 360 0 372 0 0 171 539 0 614 0 0 902 0 422 884 239 292 0 0 0 478 894 170 0 0 191 569 672 0 0 0 0 371 0 610 0 119 664 0 0 0 529 0 699 0 232 455 0 258 0 0 0 0 717 777 74 0 0 0 0 0 157 0 922 170 0 0 366 461 0 0 824 0 0 496 0 39 0 219 423 0 0 0 0 0 264 0 0 0 0 879
0 0 0 903 959 943 454 438 0 360 897 0 504 528 0 539 0 614 545 0 0 199 0 0 0 292 0 619 0 0 0 170 0 0 0 569 0 919 326 0 0 371 638 610 818 0 664 0 0 0 0 0 699 0 232 455 0 0 555 0 212 637 0 0 74 100 946 931 922 0 157 0 0 0 0 567 366 461 0 0 0 0 0 496 67 39 0 0 0 0 714 0 0 0 264 321 0 0 572 879
313 222 0 903 959 943 0 0 51 360 0 372 0 0 0 539 111 614 0 0 902 199 422 0 0 292 0 0 857 478 0 170 621 723 191 569 0 919 326 0 0 371 0 610 0 0 0 202 0 695 0 370 0 474 0 0 0 0 0 0 0 0 717 0 0 0 0 0 0 0 0 0 922 170 0 567 0 461 0 0 0 0 0 0 0 0 0 0 0 0 0 241 0 0 264 321 0 728 0 879
313 222 0 903 959 943 454 0 51 0 897 372 0 528 171 539 0 614 545 228 0 199 0 0 239 0 877 0 857 0 894 0 0 0 191 569 0 919 0 547 0 0 638 0 0 0 664 202 0 0 0 0 0 474 0 0 80 0 555 23 0 637 717 0 0 100 946 931 0 0 157 910 922 0 0 0 0 0 465 0 824 0 730 496 0 0 238 219 0 0 0 241 896 483 0 321 0 0 0 0
313 0 0 0 959 0 454 438 0 0 897 0 0 0 0 0 111 0 0 0 902 0 0 884 0 292 0 619 0 478 894 0 621 723 0 569 672 0 0 0 6 0 0 0 0 119 0 202 587 695 0 0 0 0 232 455 80 258 555 23 0 0 0 0 74 0 946 931 922 650 157 0 922 0 0 567 0 461 0 779 0 283 0 0 67 0 238 0 0 0 714 0 0 0 264 321 665 728 0 0
0 0 0 0 959 0 454 438 0 0 0 0 504 0 171 539 0 614 0 0 0 0 422 884 0 0 0 619 0 478 0 170 0 723 191 569 0 919 0 547 0 0 638 0 0 119 0 0 0 695 529 370 0 0 232 0 0 258 555 23 212 637 0 0 74 0 0 0 922 650 0 0 922 0 74 567 366 0 0 779 824 0 0 496 0 39 0 219 423 0 0 241 0 483 0 321 665 728 572 0
313 222 0 903 959 943 454 0 0 0 0 0 0 0 0 539 0 614 0 228 902 0 0 0 239 292 0 0 0 478 0 170 0 723 191 569 0 0 0 0 0 0 638 610 818 119 664 202 587 695 0 370 0 0 0 0 0 0 0 0 0 0 0 0 74 0 946 931 0 0 157 0 922 0 74 567 0 0 0 0 824 283 730 0 67 39 0 219 0 550 714 0 896 483 264 0 0 0 572 879
0 0 0 903 0 943 454 0 0 0 0 0 504 0 171 539 111 0 545 228 902 0 0 884 0 0 0 619 857 0 0 0 0 0 0 569 0 0 326 0 0 0 0 610 0 119 664 0 0 695 0 370 699 474 0 0 80 0 0 23 0 0 0 777 0 100 946 0 922 650 0 0 922 0 0 0 0 461 465 0 824 0 0 496 67 0 238 219 423 550 0 241 0 0 264 0 0 728 0 0
313 0 32 0 959 943 0 438 51 0 897 0 0 528 171 539 0 0 545 228 0 0 422 884 0 0 0 0 857 0 0 0 0 0 0 0 672 0 0 547 0 0 0 610 0 119 0 202 0 0 529 370 699 474 232 455 0 0 555 0 0 637 0 0 74 0 946 931 922 0 0 0 0 0 74 0 366 0 0 0 824 283 730 496 0 0 238 0 0 0 0 241 896 0 264 321 0 0 572 879
313 0 0 0 0 0 0 0 51 0 0 0 0 0 0 0 0 0 0 0 0 199 0 884 0 0 0 619 857 0 0 170 0 0 0 0 0 919 0 0 0 0 638 610 0 0 664 202 0 0 0 0 0 474 232 0 0 0 0 0 212 0 717 0 0 100 0 931 922 650 157 0 922 170 0 567 0 461 0 0 0 0 730 496 0 0 0 0 0 0 0 241 896 483 0 0 0 0 572 0
0 0 32 0 0 0 454 0 0 360 897 0 504 528 0 539 0 0 0 0 0 0 0 884 239 0 0 619 0 478 0 0 621 723 191 0 672 0 0 0 6 371 638 0 0 119 0 0 587 0 0 0 0 0 232 0 80 0 0 23 0 0 717 0 0 0 0 0 922 0 0 910 0 170 0 567 0 0 0 0 0 283 0 0 67 0 238 0 0 550 714 0 0 0 0 321 0 0 0 879
0 222 0 903 959 0 0 438 51 0 897 0 0 0 171 0 111 614 0 0 0 0 422 884 0 0 0 619 857 478 894 0 621 0 0 569 0 919 0 547 0 0 0 610 818 119 664 202 0 0 529 0 0 0 0 0 0 0 0 0 212 0 717 777 0 0 946 931 922 650 0 910 0 170 74 567 0 0 0 779 824 0 0 496 0 39 0 0 0 550 714 0 896 0 264 321 665 0 572 0
0 0 32 0 0 0 0 438 51 360 0 372 504 528 0 539 0 614 545 0 902 0 422 0 0 292 877 619 857 478 894 170 621 0 0 0 672 919 326 0 6 0 0 0 0 119 0 0 0 695 529 370 0 474 0 455 80 0 555 23 0 0 0 777 74 0 0 0 922 650 157 0 922 0 74 0 0 461 0 779 0 0 730 0 67 39 238 219 0 550 714 0 0 483 264 0 0 728 572 879
313 222 32 903 0 0 454 438 51 0 897 372 504 528 171 0 111 0 545 228 902 0 0 0 239 0 877 0 857 478 0 170 0 723 191 0 672 919 0 547 0 0 0 610 0 119 664 202 0 0 529 0 0 474 232 0 0 0 555 0 0 637 0 777 0 0 0 0 922 0 0 0 0 170 0 567 0 0 0 0 0 0 730 0 0 39 0 0 0 550 0 241 0 483 264 0 0 728 572 879
0 222 0 903 0 0 0 438 0 0 897 372 504 528 0 0 111 614 0 0 0 0 422 884 239 0 877 0 857 0 0 0 0 0 0 0 0 0 0 0 0 371 0 610 0 0 664 0 0 0 0 370 0 0 232 0 80 258 0 23 0 0 0 777 0 100 946 0 922 0 157 910 922 170 74 567 0 0 0 0 0 283 730 496 0 0 0 219 0 0 0 241 0 0 264 321 0 0 572 879
0 222 0 903 959 943 0 438 51 0 897 372 0 528 0 0 0 0 0 228 902 199 0 884 239 0 877 0 857 0 894 0 0 0 191 569 672 919 326 0 0 371 638 610 0 0 664 0 0 0 529 0 699 474 0 0 0 258 0 23 0 0 0 0 74 0 0 931 0 0 0 0 0 0 0 0 0 0 465 0 0 0 0 496 0 39 0 0 423 0 714 241 896 0 0 321 665 728 572 0
0 0 32 903 0 0 454 0 0 0 0 0 0 528 171 539 0 614 545 228 902 0 0 0 0 0 877 0 857 0 0 0 0 0 191 569 0 0 326 0 6 371 638 610 0 0 0 0 587 695 529 370 699 474 232 0 0 258 555 0 212 0 717 0 74 100 946 0 0 650 0 0 922 0 74 567 366 0 465 0 824 0 0 0 0 0 238 219 0 0 714 0 896 483 264 0 665 0 0 879
0 222 32 903 0 943 0 438 51 360 0 0 0 528 0 0 111 614 0 228 902 199 422 0 239 292 0 0 0 478 0 0 0 723 0 569 0 0 326 547 6 371 0 610 0 0 0 202 0 0 0 370 699 474 232 455 80 258 0 23 0 637 0 0 0 100 946 931 922 650 0 910 922 0 0 0 366 0 0 779 0 0 0 0 67 39 238 0 423 0 0 0 0 0 0 321 0 0 0 0
313 0 0 903 959 0 0 0 0 0 0 0 0 0 171 539 111 614 0 228 902 0 422 0 0 292 877 619 857 478 894 0 621 723 191 0 0 0 0 547 0 0 0 0 0 0 0 0 587 695 0 0 699 0 232 0 0 0 0 0 212 637 717 777 74 0 0 0 922 0 157 910 0 170 74 567 0 461 465 779 0 283 730 0 0 0 0 219 423 0 714 0 0 483 0 0 0 728 572 0
313 0 0 903 959 943 0 0 0 0 897 0 504 0 0 539 111 0 545 0 0 0 422 0 0 0 877 0 857 478 894 0 621 0 191 569 672 919 326 0 6 0 638 0 818 119 0 0 0 695 529 370 699 0 0 0 80 0 0 0 0 0 717 0 74 0 0 0 922 0 157 0 0 0 0 567 0 0 0 779 0 283 0 0 67 39 0 0 423 0 0 241 896 483 0 321 0 0 0 0
313 222 0 0 959 0 0 0 51 360 0 0 504 528 171 0 0 0 0 228 902 0 422 0 239 0 877 0 0 478 894 0 621 723 191 0 0 919 0 547 0 371 0 610 818 119 664 0 0 695 0 370 0 0 0 0 0 258 0 23 212 0 0 777 74 0 946 0 922 650 0 910 0 170 74 567 366 0 0 0 0 0 0 0 0 39 238 219 0 550 714 241 0 0 264 0 0 728 0 879
0 0 32 903 959 943 454 0 0 0 0 0 504 0 171 539 0 614 545 228 0 0 422 0 239 292 877 619 0 478 0 170 621 0 0 0 672 919 326 0 6 371 638 610 818 119 664 202 0 695 0 370 699 0 232 0 80 258 0 23 212 637 0 0 0 0 946 0 922 0 0 0 0 170 0 0 0 0 0 0 824 283 0 0 0 0 0 219 423 550 0 241 0 483 0 321 0 728 572 879
0 222 32 903 959 0 454 438 51 0 897 372 0 528 0 539 0 0 0 0 902 199 0 884 239 292 877 0 0 0 0 0 621 723 191 569 0 0 326 0 6 371 638 0 0 0 664 0 587 695 0 370 0 0 232 455 0 0 555 0 0 637 717 0 74 100 946 0 0 650 0 0 0 170 0 0 366 0 0 0 824 283 730 496 0 39 238 219 0 0 714 241 0 483 264 321 0 728 0 0
0 0 32 903 0 0 0 438 51 0 897 0 0 0 171 0 0 0 0 0 0 199 0 884 239 292 0 619 857 0 0 0 621 0 0 0 0 0 326 547 6 371 638 0 0 0 0 0 0 695 0 370 699 0 0 0 0 0 0 23 0 637 0 0 74 0 0 931 0 0 0 0 0 170 0 0 0 461 0 779 824 283 730 496 0 0 0 0 0 550 0 0 896 0 264 321 665 0 572 879
313 0 32 903 0 0 454 0 51 0 0 0 0 0 0 539 111 0 545 0 0 199 422 0 0 0 0 619 0 0 0 0 0 723 0 0 0 919 326 547 6 371 0 610 0 0 0 0 587 0 529 370 699 474 232 455 80 0 555 23 212 0 0 0 74 0 0 0 0 650 0 910 0 170 0 567 0 0 0 0 0 0 730 496 0 0 238 0 423 550 0 0 896 0 264 321 0 728 572 879
313 0 32 0 959 0 0 0 51 0 897 372 0 0 0 0 0 614 545 0 0 199 0 0 0 292 0 619 0 478 894 0 0 0 0 569 672 0 0 547 0 371 0 0 818 119 0 0 0 0 0 370 0 474 0 0 80 0 555 0 212 0 717 0 74 0 0 931 922 0 157 0 0 170 0 567 0 461 0 779 0 0 0 0 0 0 0 0 423 550 0 0 0 483 0 0 665 0 0 879
0 222 0 0 959 943 0 438 51 360 0 372 0 528 0 0 111 614 545 0 0 199 0 884 239 0 877 619 857 0 0 0 621 723 0 569 0 919 0 547 0 371 0 610 0 0 664 202 0 695 529 0 0 0 0 0 80 0 555 23 212 637 0 0 0 0 946 931 922 650 0 0 922 0 0 0 366 461 0 0 824 0 0 496 67 39 0 0 423 0 714 241 896 0 264 0 665 728 0 0
313 0 0 903 0 943 0 0 51 0 0 0 0 528 171 539 111 0 0 0 902 0 0 0 0 0 0 0 0 0 0 0 621 723 0 0 0 0 0 0 0 0 638 610 0 119 0 202 587 0 0 370 0 474 232 0 80 258 0 0 0 0 717 0 0 0 0 931 922 650 157 910 922 0 74 0 366 0 0 0 0 0 730 0 0 39 0 0 423 550 714 0 0 0 264 0 0 728 0 879
313 0 0 0 959 0 454 438 0 360 897 0 504 528 0 0 0 0 0 0 902 199 422 884 0 0 0 619 857 478 0 170 621 723 0 569 0 0 326 0 0 371 638 0 0 0 664 202 0 695 529 370 0 0 0 455 80 0 555 23 0 0 717 0 0 0 0 0 922 650 0 910 922 0 0 567 0 0 0 0 824 283 0 496 0 39 238 0 423 0 714 0 0 483 0 321 0 0 0 0
0 222 0 0 959 0 454 0 51 0 0 372 0 0 171 0 0 614 545 0 902 0 422 0 0 0 877 0 0 0 0 0 0 0 191 569 0 0 326 0 0 371 638 610 818 119 0 0 587 695 529 370 0 474 0 455 80 0 555 0 0 637 0 777 0 0 946 931 922 650 0 0 922 0 0 0 0 0 465 0 824 0 730 496 0 0 238 0 0 0 714 241 0 483 264 0 0 728 0 0
313 0 32 903 959 943 454 0 0 360 897 372 0 0 0 539 0 614 0 228 0 0 0 884 0 292 877 0 0 0 0 0 621 723 191 569 672 919 326 0 0 0 638 0 818 0 664 0 587 695 529 0 699 0 232 455 80 258 555 23 0 0 0 777 74 0 946 0 922 650 0 910 922 170 0 0 0 461 0 0 0 0 0 0 67 0 238 219 0 550 714 241 0 483 0 321 0 728 0 0
313 222 32 0 0 943 0 0 51 360 897 372 0 528 0 539 111 0 545 0 902 199 0 0 0 292 877 0 857 478 0 0 0 723 0 0 0 0 0 0 0 0 638 0 0 119 664 202 0 0 0 0 699 474 0 0 80 258 0 23 212 637 717 0 74 100 0 931 0 650 0 0 0 170 0 567 0 0 465 779 0 283 0 496 67 0 238 219 0 550 0 0 0 483 0 321 0 0 572 879
0 222 32 0 959 0 454 0 51 360 0 0 0 528 171 0 111 0 0 0 902 199 422 884 0 292 0 0 857 0 894 0 0 0 191 0 0 919 0 547 6 0 638 0 0 0 0 0 0 0 0 370 0 0 232 0 80 258 555 23 212 637 717 0 74 100 0 0 0 650 0 0 0 0 0 567 0 0 0 0 0 0 0 496 67 0 0 219 0 0 0 241 896 0 0 0 665 0 572 0
313 222 32 0 959 0 454 0 51 360 0 0 504 0 171 0 0 614 545 228 0 199 0 0 239 0 0 619 857 0 894 170 0 0 191 569 672 0 0 547 6 371 638 0 818 0 664 0 587 0 0 370 699 0 0 455 80 258 555 0 0 637 717 0 74 0 0 931 922 0 0 0 0 170 74 567 0 461 0 779 0 283 0 496 0 39 238 0 0 0 0 241 896 483 264 321 0 0 572 879
313 222 32 903 0 0 454 0 0 0 897 0 504 0 0 0 0 614 0 0 0 199 0 0 0 0 0 0 0 0 0 170 621 723 0 0 672 0 0 547 0 371 638 0 818 0 664 202 0 695 0 370 699 0 0 455 80 0 0 23 0 637 717 777 0 100 0 0 0 0 157 0 922 0 0 0 0 461 0 0 824 283 730 0 67 0 0 219 423 0 0 0 0 483 0 0 665 0 0 0
0 222 0 0 959 0 454 438 0 0 0 0 504 0 0 0 0 0 0 228 902 0 422 0 239 292 0 0 857 0 0 0 621 0 0 569 0 919 326 0 6 0 0 610 818 0 0 202 0 695 0 0 0 474 0 455 80 0 555 0 212 0 0 0 74 0 946 0 0 650 0 0 922 170 0 0 0 461 465 0 0 283 730 0 67 0 0 219 423 550 714 0 896 0 0 321 665 0 0 879
313 0 32 0 959 943 0 438 0 360 897 0 0 528 0 0 0 614 0 228 0 0 422 884 239 0 0 0 857 478 894 170 621 0 0 0 672 919 0 0 6 0 638 610 818 0 664 202 587 0 529 0 0 0 0 455 0 258 555 23 0 0 0 777 74 100 946 0 922 650 0 0 922 170 0 567 366 0 0 0 0 0 0 496 67 39 238 219 423 0 0 0 896 483 264 321 0 0 0 879
313 0 32 903 0 0 0 0 0 0 0 0 504 0 171 539 111 0 0 0 0 0 0 0 239 0 0 0 0 0 0 0 621 0 0 0 672 919 0 547 0 0 638 0 818 119 0 202 0 0 0 370 0 0 0 455 0 258 0 0 212 637 0 0 0 0 0 931 922 650 0 0 0 170 74 0 0 0 0 0 0 0 0 0 67 39 0 0 0 550 0 241 0 0 0 0 0 728 0 0
313 222 0 903 0 943 0 0 0 0 0 0 504 0 171 0 111 0 0 0 902 199 422 884 239 292 0 619 857 478 0 170 621 723 191 0 0 0 0 547 0 371 0 610 0 0 664 0 0 0 529 370 0 0 232 0 0 0 555 0 212 0 717 777 74 100 0 931 0 650 0 910 922 170 74 567 366 0 465 0 0 283 730 0 67 39 0 219 423 0 714 241 0 483 264 321 665 0 0 879
0 222 0 903 0 943 454 438 0 360 0 0 0 0 171 0 111 0 545 228 0 199 0 0 0 292 877 0 0 0 894 0 0 0 0 0 672 919 326 0 0 0 638 0 0 119 0 202 587 0 529 0 0 0 0 0 0 0 0 0 0 0 717 0 74 100 0 0 922 0 157 0 0 170 74 0 366 461 0 779 0 283 730 0 67 0 0 0 0 0 0 241 896 0 264 0 0 0 0 0
0 222 32 0 0 0 454 438 51 360 0 0 0 528 0 0 0 614 545 0 0 0 0 884 0 292 0 619 0 0 0 0 621 723 0 0 0 0 0 547 6 0 0 610 0 0 0 0 587 0 0 370 0 474 0 455 80 258 0 0 0 637 717 777 0 0 946 0 922 0 0 910 922 0 74 0 366 0 0 0 0 0 730 0 67 0 0 0 0 550 714 241 896 483 0 321 665 0 572 0
0 222 0 903 959 0 454 438 0 0 897 0 504 528 171 0 111 0 545 228 0 0 0 884 239 0 0 619 857 478 894 0 0 723 0 569 672 919 326 0 0 371 638 0 818 0 0 0 587 0 529 370 699 474 0 0 80 0 0 0 212 637 717 0 74 0 0 931 0 0 157 0 0 0 74 567 0 461 0 0 0 0 730 496 0 39 0 0 0 550 0 0 0 0 264 0 665 0 0 0
313 0 32 903 0 943 454 438 0 360 0 0 504 0 0 539 0 614 545 228 0 0 422 884 239 292 0 0 0 478 894 170 0 0 0 0 672 0 326 547 6 371 638 610 818 0 664 0 587 695 529 370 699 0 0 455 80 258 0 0 0 0 717 0 74 0 946 0 922 0 157 910 922 0 0 567 366 0 465 0 0 0 730 0 67 39 0 0 423 0 0 0 0 0 0 0 0 0 572 0
0 0 0 903 0 943 0 0 51 0 0 0 504 0 171 0 111 614 545 0 902 0 0 0 239 0 0 0 0 478 894 170 0 0 0 0 672 919 0 0 0 0 0 610 818 119 664 0 587 695 0 0 0 0 0 455 0 0 555 0 212 637 717 0 0 0 0 0 0 0 0 910 922 0 74 0 366 0 465 779 824 0 730 496 0 0 238 219 423 550 714 0 0 0 264 0 665 728 572 0
313 0 32 903 959 943 0 438 51 360 0 0 504 528 0 0 0 0 545 0 0 199 422 0 0 0 877 619 857 478 894 0 0 723 0 0 672 919 326 547 6 0 638 610 0 0 0 202 0 695 529 370 0 474 232 0 80 258 0 0 0 637 0 0 0 100 0 931 922 0 157 910 0 0 74 0 0 461 465 0 824 283 730 496 67 39 238 219 0 0 714 241 896 0 0 321 665 728 572 879
313 222 32 903 0 943 454 0 0 0 0 372 504 528 171 539 0 0 545 0 0 0 0 884 239 292 0 0 0 478 0 0 0 0 0 0 672 0 0 0 6 371 638 610 818 0 0 0 587 0 529 0 0 0 0 455 0 258 555 23 0 0 717 0 0 0 0 0 922 0 157 0 922 170 74 0 366 0 0 0 824 0 730 0 0 39 238 0 0 0 714 0 896 0 0 0 0 728 0 0
313 222 0 903 0 0 454 438 0 0 0 372 504 528 171 539 0 0 0 0 0 0 422 884 0 292 877 619 857 0 0 0 621 723 0 0 672 0 0 0 0 0 638 610 0 0 664 202 587 0 529 370 0 0 232 455 0 0 555 23 212 637 717 777 0 0 946 931 922 650 157 0 922 0 0 567 366 0 0 779 824 0 730 496 67 0 0 219 0 0 714 241 896 483 0 0 0 0 572 879
0 222 32 0 959 943 454 438 51 360 897 0 0 528 171 0 0 614 545 0 0 0 0 0 0 0 877 619 0 0 894 170 621 723 191 0 0 0 0 0 6 371 0 610 818 119 0 202 587 0 529 0 699 474 232 455 0 0 0 0 212 0 0 777 74 0 946 931 0 0 0 910 922 0 0 0 366 0 465 0 824 283 730 0 0 0 238 0 0 550 714 0 0 0 264 321 665 0 0 0
0 0 0 0 959 0 454 0 51 0 897 0 0 528 0 0 0 0 545 228 0 199 422 0 239 0 877 0 857 0 0 170 0 0 0 569 672 919 0 547 0 0 0 610 0 0 664 202 0 0 529 370 699 0 0 0 0 0 555 0 212 0 0 0 74 0 946 931 922 650 157 0 922 0 74 0 0 461 465 0 824 0 0 496 67 0 0 219 0 0 0 0 0 483 0 0 665 0 0 879
0 222 32 903 0 0 454 0 0 360 0 0 504 0 0 0 111 614 0 0 902 199 0 884 0 0 877 619 0 0 0 0 621 723 0 569 672 919 326 547 0 371 638 610 0 0 0 202 587 695 529 0 0 0 232 0 0 0 0 0 212 0 717 777 74 0 0 0 922 650 0 910 922 170 0 0 366 0 465 779 0 283 730 496 67 39 0 219 0 550 0 0 0 0 264 0 0 0 0 879
313 222 0 0 959 943 0 438 0 360 897 372 504 0 0 539 111 0 0 0 0 199 0 0 0 0 877 0 857 478 0 170 0 723 191 569 672 0 0 547 6 371 0 0 0 119 0 202 587 0 0 0 699 474 232 455 0 258 0 23 0 0 717 0 0 100 0 0 922 650 157 910 922 170 0 567 0 461 0 0 0 0 730 496 67 39 0 219 0 0 0 0 0 0 264 0 665 0 0 0
0 222 0 903 0 943 0 0 0 0 0 0 504 0 0 0 111 0 0 0 902 199 422 0 0 292 0 0 0 478 0 0 0 0 191 569 0 919 326 0 6 0 0 610 818 0 664 0 0 0 0 370 0 474 0 455 0 258 555 23 212 0 717 0 0 100 946 0 922 0 157 0 0 0 0 0 366 461 465 0 0 0 730 0 67 0 238 219 423 550 714 0 0 483 0 0 0 728 0 0
0 0 32 903 0 0 0 0 0 0 0 0 504 528 0 0 0 614 545 228 0 199 422 0 239 292 877 0 0 0 894 0 0 0 0 569 672 0 0 547 6 0 0 0 0 0 664 0 0 695 529 370 0 0 0 455 80 0 0 0 0 637 717 777 0 0 0 931 922 0 0 0 922 170 74 567 366 0 465 0 0 0 0 0 67 39 0 219 0 550 0 0 0 0 0 321 0 0 572 879
0 0 32 903 959 0 0 438 51 0 0 0 0 528 0 539 0 614 0 0 902 199 0 0 0 292 0 0 857 478 894 0 0 723 0 0 672 0 326 547 0 0 0 610 818 0 0 0 0 695 529 370 0 474 232 455 80 0 555 0 0 637 717 777 0 0 946 931 0 650 0 910 0 0 0 567 366 0 0 779 824 0 730 0 0 0 0 0 423 550 0 241 896 483 0 321 665 0 572 0
313 222 0 903 959 943 0 438 51 0 897 372 504 528 171 0 111 614 545 0 0 199 422 884 0 292 0 0 0 0 0 170 0 723 0 0 0 0 0 547 6 371 0 610 0 119 664 202 0 0 529 0 0 474 0 0 0 0 0 0 212 637 0 777 0 0 0 931 0 650 157 910 922 0 74 0 0 0 0 0 0 283 730 496 0 0 0 0 423 550 0 241 0 0 0 0 0 728 572 879
313 222 0 0 0 0 0 438 51 0 0 0 504 528 0 0 0 0 0 0 0 199 0 0 0 292 0 0 857 0 0 0 0 0 191 569 0 0 0 547 6 0 0 0 0 119 664 202 0 0 0 370 699 474 0 0 80 0 555 0 0 637 0 0 0 0 0 0 922 0 0 910 922 0 74 567 0 461 465 0 0 0 730 496 0 39 0 219 423 550 0 241 896 0 264 321 0 728 572 0
0 0 0 903 959 943 0 0 51 360 897 372 504 0 171 539 0 614 545 228 902 0 0 884 239 0 877 619 857 478 0 0 621 0 0 0 672 0 326 547 0 371 638 0 818 0 664 0 0 0 0 0 0 0 232 455 0 0 555 23 0 637 0 0 74 0 0 931 0 650 157 910 922 0 0 567 366 0 465 0 0 0 0 496 0 0 238 0 423 0 714 241 0 483 264 0 665 0 572 0
313 222 32 0 959 0 454 438 51 0 0 0 0 0 171 539 0 614 0 228 902 199 0 884 0 0 0 0 0 478 0 0 0 0 191 0 0 0 326 547 6 0 638 0 0 0 0 202 0 0 0 0 0 474 232 455 0 258 555 23 212 0 0 777 0 0 946 931 922 0 0 910 922 170 74 567 366 0 465 779 0 283 730 0 67 39 0 0 0 0 714 241 896 483 0 0 665 728 0 879
0 222 32 0 0 943 454 438 0 360 897 0 0 0 0 539 0 0 545 0 902 0 422 884 239 0 0 0 0 0 0 170 0 0 0 0 672 0 326 0 6 371 638 610 818 119 0 202 587 0 0 370 0 474 232 455 0 258 0 0 0 0 717 777 74 0 0 0 922 650 157 910 922 170 74 567 0 0 0 779 0 0 0 0 67 39 0 0 423 550 714 0 896 0 0 321 0 0 0 879
313 222 0 0 0 943 454 438 0 360 897 372 0 0 0 0 111 614 0 228 902 0 0 884 239 0 877 0 0 478 894 0 621 723 191 0 672 919 326 0 0 371 638 0 818 0 664 202 0 695 0 0 0 0 0 0 0 0 555 23 212 0 0 0 0 0 0 0 0 650 157 910 0 0 0 0 0 461 465 0 0 283 0 496 0 0 0 0 0 550 714 0 0 483 0 0 665 0 0 0
313 222 0 0 959 943 0 0 0 360 0 0 0 0 0 539 111 614 0 228 902 0 0 884 0 0 877 0 0 0 0 0 0 723 191 0 672 919 0 547 6 0 638 0 0 0 0 0 587 695 0 0 0 474 232 0 0 258 0 0 0 637 717 0 0 0 0 931 922 0 157 0 0 170 0 0 0 461 0 0 824 0 0 0 67 39 0 219 423 0 0 241 0 483 264 321 0 0 572 0
0 222 32 0 959 0 0 438 0 0 897 372 0 0 171 0 0 614 0 0 902 0 422 0 239 0 877 0 857 478 0 170 0 723 0 0 0 919 0 0 0 371 0 610 818 119 0 0 587 695 0 0 0 0 0 455 0 0 555 23 212 0 717 777 0 100 946 0 0 0 157 910 0 0 0 567 366 0 0 0 0 0 730 0 0 0 238 0 0 550 0 0 0 483 264 321 665 0 572 879
0 222 0 903 959 0 454 438 0 0 0 372 0 0 171 0 111 0 0 0 0 0 422 0 0 292 0 0 857 0 0 170 621 0 0 0 672 0 326 0 0 0 0 610 0 119 664 202 587 0 0 370 0 474 0 0 0 258 555 0 0 0 0 777 0 0 0 931 922 650 157 910 922 0 0 567 366 0 465 0 0 283 0 0 0 0 0 219 0 550 714 0 0 0 0 321 665 728 0 0
0 222 32 0 0 943 0 0 51 0 897 372 504 528 0 0 111 614 545 0 0 199 422 884 239 292 877 0 0 0 0 170 621 723 191 0 672 919 326 0 6 0 638 0 818 119 664 0 0 0 0 370 0 0 232 0 0 0 0 23 0 0 717 0 74 0 0 0 0 0 157 0 922 0 74 0 0 461 465 0 0 283 730 0 0 0 238 219 423 0 714 241 896 0 0 0 665 0 0 0
0 0 0 0 0 943 0 438 0 360 897 0 504 0 0 0 111 0 545 228 0 199 0 0 0 0 0 0 857 478 894 170 0 0 0 569 672 0 326 0 6 0 638 0 818 0 0 202 0 695 0 0 0 474 0 0 0 0 555 23 212 0 0 0 0 100 0 931 0 650 157 910 922 170 0 567 0 0 465 779 0 0 730 0 67 0 238 219 423 0 0 241 0 0 0 321 0 728 572 0
313 0 32 903 0 943 0 0 51 0 897 372 0 0 0 0 111 0 0 228 0 0 0 884 239 292 877 619 857 478 0 0 0 0 0 0 672 0 0 0 0 0 638 0 0 0 664 0 587 0 529 0 699 474 0 455 80 258 0 23 0 637 717 0 74 0 0 0 922 650 0 0 922 170 0 567 366 0 0 0 0 283 730 496 0 0 0 219 423 0 714 0 0 0 0 0 0 728 572 0
313 222 0 903 0 0 454 0 0 0 0 0 504 528 171 0 0 0 545 228 902 199 422 884 0 0 0 619 0 0 0 0 0 0 191 569 672 919 0 0 0 371 638 610 818 0 664 0 587 0 0 0 699 474 0 0 0 258 0 23 212 0 0 777 0 100 0 0 922 0 157 910 922 0 0 567 366 0 465 0 824 283 730 496 67 0 238 0 423 550 714 0 0 483 0 321 0 728 0 0
313 0 0 903 0 943 454 0 51 0 897 0 0 528 0 0 0 0 0 0 0 0 422 0 239 292 0 619 857 478 0 0 0 0 0 569 672 0 0 547 0 371 0 610 818 0 0 202 587 0 529 370 0 474 232 0 80 0 555 23 212 0 717 777 0 100 0 0 922 650 0 0 922 0 0 0 0 461 0 779 824 283 0 0 67 0 238 219 0 550 0 0 0 483 264 0 0 0 0 879
313 0 32 903 959 943 454 0 0 360 0 0 504 0 171 539 0 0 545 0 902 199 0 0 0 292 0 0 857 0 0 0 621 0 0 0 672 0 0 547 0 0 0 0 0 119 664 202 0 0 0 0 0 474 0 455 0 0 0 23 0 0 717 0 0 0 946 0 0 650 157 910 0 170 74 0 0 461 465 0 824 0 0 0 0 0 0 0 0 550 0 0 896 483 0 0 665 728 572 879
0 0 32 0 0 943 0 438 0 360 0 372 0 0 0 539 0 0 545 0 0 0 422 0 239 292 0 0 857 0 0 0 621 0 0 0 0 0 326 0 0 371 638 0 0 119 0 0 0 0 0 0 0 0 0 0 0 258 0 23 0 0 0 777 0 0 946 0 922 0 157 0 0 0 74 567 0 461 465 0 824 0 0 0 67 39 238 0 0 0 714 0 0 0 0 321 665 728 0 0
11.97, 6.76, 1.27, 25.5, 16.09, 15.78, 22.62, 7.63, 16.95, 25.6, 2.4, 6.42, 5, 33.52, 13.98, 3.55, 4.87, 32.18, 1.75, 7.27, 4.65, 23.95, 19.75, 12.84, 15.62, 2.95, 8.61, 45.48, 4.14, 17.33, 3.45, 3.9, 10.74, 11.76, 5.58, 2.64, 0.67, 4.14, 3.6, 2.41, 8.82, 2.2, 7.59, 7.88, 1.53, 9.3, 6.33, 1.65, 31.11, 16.15, 0.16, 17.17, 8.67, 6.98, 12.95, 22.6, 3.38, 6.1, 4.63, 4.38, 5.89, 25.76, 23.52, 6.1, 8.67, 1.31, 26.7, 26.61, 4.34, 14.7, 9.42, 7.49, 0.33, 37.03, 1.65, 6.65, 6.86, 1.79, 2.75, 52.62, 0.77, 30.74, 23.57, 2.64, 5.42, 10.44, 21.05, 11.23, 22.67, 13.65, 0.23, 6.15, 6.33, 19.33, 24.07, 14.98, 10.68, 19.44, 14.31, 2.68,
18.08, 2.32, 1.58, 15.86, 10.41, 5.19, 24.45, 5.94, 4.2, 23.28, 3.02, 1.82, 3.38, 0.14, 21.61, 2.59, 6.56, 9.4, 14.2, 8.7, 6.69, 22.85, 31.91, 23.04, 4.37, 9.09, 19.66, 9.86, 1.62, 14.35, 7.09, 5.73, 1.14, 7.06, 1.06, 2.27, 2.13, 1, 0.64, 1.1, 6.51, 17.72, 12.81, 3.89, 8.52, 10.88, 14.87, 6.39, 12.94, 2.57, 3.9, 25.7, 75.22, 14.29, 0.12, 12.57, 13.45, 0.21, 5.91, 32.4, 7.32, 15.21, 20.86, 1.07, 10.03, 0.18, 1.56, 13.38, 0.13, 2.57, 3.38, 1.73, 5.51, 10.86, 2.51, 4.67, 14.58, 12.82, 3.2, 1.17, 7.01, 0.36, 4.22, 25.87, 23.71, 23.8, 6.65, 4.95, 2.43, 15.78, 1.21, 6.43, 34.79, 9.92, 0.66, 1.9, 10.15, 7.18, 1.6, 31.75,
7.0,7.0,7.0,7.0,7.0,8.0,8.0,8.0,8.0,8.0,9.0,9.0,9.0,9.0,9.0,10.0,10.0,10.0,10.0,10.0,11.0,11.0,11.0,11.0,11.0,12.0,12.0,12.0,12.0,12.0,13.0,13.0,13.0,13.0,13.0,14.0,14.0,14.0,14.0,14.0