100
0 206 471 380 0 0 467 0 943 375 9 981 0 0 140 0 0 195 0 566 11 0 0 0 0 0 0 646 901 733 610 225 0 0 0 0 658 736 466 864 675 0 13 0 102 313 435 616 0 580 0 0 0 0 0 110 846 0 751 0 0 0 744 0 532 0 0 0 0 663 245 161 0 16 0 263 0 349 0 804 341 136 774 877 988 655 0 642 451 198 0 975 200 435 0 35 0 0 0 28
0 0 0 380 248 925 0 15 0 0 0 0 0 986 140 563 795 195 0 0 11 0 0 927 0 0 0 0 0 733 0 0 916 803 313 228 0 736 466 864 0 162 0 0 0 0 0 0 0 580 830 0 383 606 496 110 0 0 0 796 391 0 0 0 532 124 676 57 798 0 0 0 59 16 0 0 0 0 0 0 0 0 774 0 0 655 0 642 0 0 0 0 0 0 340 35 0 420 0 28
410 206 0 0 0 925 467 0 943 0 9 0 0 986 0 563 795 0 0 0 0 0 472 0 995 0 0 0 0 0 610 0 916 803 0 228 0 0 0 864 675 0 0 866 0 0 435 616 0 0 0 0 0 0 496 110 0 0 0 796 391 0 0 69 0 124 676 0 798 663 245 161 59 16 834 0 56 349 581 804 0 136 774 0 988 0 255 0 0 198 607 975 200 0 0 0 100 0 0 28
0 0 471 380 0 925 467 0 0 0 9 981 0 0 0 0 0 195 0 566 0 258 0 927 0 0 546 0 901 0 0 0 0 803 0 0 658 0 466 0 675 0 13 866 102 313 435 0 340 580 0 0 383 606 0 110 0 0 0 0 0 16 744 69 532 124 0 0 0 0 0 0 0 0 0 0 0 0 0 0 0 136 774 877 0 0 255 642 451 0 0 0 200 0 0 0 0 420 48 28
0 206 471 380 0 0 0 0 943 0 9 981 0 0 0 0 0 195 711 566 0 258 472 927 0 211 546 0 901 733 610 0 916 803 313 0 658 0 466 0 675 0 13 0 0 0 435 0 0 580 0 335 0 0 0 110 846 0 751 796 391 0 0 0 532 0 0 57 0 663 0 0 0 0 834 0 0 0 581 804 0 136 774 877 988 655 255 0 0 0 0 975 200 435 0 0 100 0 0 28
0 206 0 0 0 925 0 0 943 375 9 981 0 0 0 563 0 0 0 566 11 258 472 0 0 0 0 0 901 0 0 225 0 803 0 0 0 0 466 864 675 0 13 866 102 0 435 0 340 580 0 0 0 0 496 110 0 0 751 0 391 16 744 0 0 124 0 57 798 663 0 0 59 0 834 0 56 0 0 804 341 136 0 0 988 0 0 0 451 198 607 975 200 435 340 0 0 420 0 0
410 206 471 0 0 925 0 15 0 0 9 981 0 0 140 0 795 0 0 0 0 258 0 0 995 0 0 646 0 0 610 225 0 0 313 0 658 736 0 0 0 162 13 866 0 313 435 616 340 580 830 0 383 0 0 110 0 0 0 796 0 0 744 69 532 124 676 57 0 0 245 161 0 0 0 263 0 349 0 0 341 0 0 0 0 655 0 0 451 0 0 0 0 0 340 0 100 420 0 28
410 0 0 380 248 0 467 0 0 0 0 0 378 986 0 0 0 195 0 566 11 258 0 0 0 0 546 646 901 0 610 0 0 0 313 0 658 0 466 0 0 162 0 866 0 0 0 0 340 0 0 335 383 606 0 0 846 446 0 0 0 0 744 0 532 124 0 57 798 663 0 161 0 0 834 0 0 349 581 0 0 0 774 0 988 0 0 0 451 198 0 0 0 435 340 35 0 420 48 0
410 206 0 0 248 0 467 15 0 0 9 981 0 0 0 563 0 195 711 0 0 0 0 0 0 0 546 646 0 0 0 0 0 803 0 228 0 0 0 864 675 162 0 866 102 0 435 616 0 0 830 0 0 0 496 0 846 446 0 796 391 0 0 0 0 124 676 0 0 663 245 161 0 0 0 0 0 0 0 0 0 136 0 877 0 0 0 0 451 198 0 0 0 435 340 35 0 0 48 0
410 0 0 0 248 925 467 0 0 0 9 0 0 0 0 563 0 195 0 566 0 0 0 0 995 211 0 0 0 733 0 0 916 803 313 228 658 736 466 0 0 0 0 0 0 0 435 616 340 0 0 335 383 0 496 110 846 446 0 0 391 16 744 69 532 124 676 57 798 663 245 0 0 0 0 0 56 0 581 804 0 0 0 0 0 0 0 0 451 198 0 0 200 435 0 35 100 0 48 28
0 0 0 380 0 0 467 0 943 0 9 981 0 986 0 563 795 0 0 0 11 0 0 927 0 0 546 646 0 0 0 0 916 803 0 228 0 736 0 0 0 162 0 866 0 0 435 0 340 580 830 335 383 0 496 0 846 446 0 796 391 0 0 69 532 0 0 57 798 663 245 0 59 16 0 263 0 0 581 0 341 0 0 0 988 0 0 0 0 198 607 975 200 0 0 0 0 0 0 0
0 0 471 0 248 0 0 15 0 375 9 0 0 0 0 563 0 0 711 566 11 0 472 0 0 0 546 0 901 0 0 0 916 0 0 0 658 736 466 864 0 0 0 0 102 313 0 616 0 580 0 0 0 0 496 110 846 0 751 796 0 16 744 69 0 0 0 0 0 0 0 0 59 16 0 0 0 349 581 804 0 0 774 877 988 655 0 642 451 0 607 0 0 0 0 0 0 0 48 0
0 206 471 380 248 0 0 15 943 0 9 981 0 0 0 563 795 195 0 0 11 258 0 927 995 211 546 0 901 733 610 0 0 0 313 228 658 736 0 0 675 0 13 0 102 0 0 0 0 580 830 0 0 0 0 0 846 0 751 0 391 0 744 0 0 124 676 0 0 663 0 0 0 0 0 263 56 0 0 804 0 0 774 0 0 0 0 642 0 0 0 0 200 0 0 0 0 0 48 0
0 206 0 380 248 925 467 15 0 375 0 981 0 0 0 563 0 0 0 0 0 0 0 0 0 0 0 0 901 733 610 0 916 803 313 0 0 736 0 0 675 162 0 866 0 0 0 616 0 580 830 0 0 606 0 0 846 446 0 796 391 0 0 69 532 0 0 57 798 663 0 161 0 16 834 263 0 0 0 0 341 0 0 877 988 655 0 642 0 198 607 975 0 435 0 35 100 0 0 0
0 0 471 380 248 925 467 0 0 375 9 0 378 986 0 0 795 195 0 0 11 0 472 0 995 0 0 0 901 0 0 225 916 803 0 0 0 0 466 0 675 162 0 0 0 0 0 616 340 580 830 0 0 606 496 110 0 0 751 796 0 0 0 0 0 124 676 0 798 0 245 161 0 16 0 0 0 0 581 0 0 0 774 0 0 0 0 642 451 0 607 975 200 435 340 0 0 420 0 0
0 0 471 380 0 0 0 15 943 0 9 0 0 986 0 563 0 195 711 566 11 258 0 0 0 0 0 646 0 733 610 225 916 803 0 228 0 0 466 864 0 162 13 866 102 313 435 616 0 0 0 0 0 606 496 0 0 0 0 0 0 16 744 0 0 0 0 57 798 0 245 161 0 0 0 0 56 349 0 0 0 0 774 877 988 655 0 642 451 0 607 975 200 0 340 0 0 0 48 0
410 0 0 380 0 0 467 0 943 0 0 981 0 0 140 0 795 0 711 566 0 0 472 0 995 0 0 0 0 0 0 225 916 0 0 228 658 736 466 864 675 0 13 866 0 0 435 0 0 0 830 0 0 606 0 110 846 0 751 0 0 16 744 69 0 124 0 0 798 0 0 0 0 16 0 0 56 0 0 804 341 0 774 0 988 0 255 642 0 198 607 0 0 435 340 35 0 0 48 28
0 0 471 0 0 925 467 15 0 375 9 0 0 986 0 0 0 0 711 0 11 0 472 0 0 0 0 0 0 0 0 0 0 0 0 228 658 0 466 0 675 0 0 0 102 0 0 0 340 580 830 0 383 0 0 0 846 0 751 0 0 0 0 0 0 124 676 0 0 0 0 161 59 0 834 263 0 0 0 804 341 0 774 0 0 0 255 0 0 198 0 975 0 435 0 0 0 0 48 0
0 206 471 0 0 925 0 15 0 375 0 0 0 0 0 0 0 195 0 0 11 258 0 927 0 0 0 0 0 0 0 0 0 803 0 228 658 0 466 0 0 162 13 0 0 0 0 616 340 580 0 335 383 0 0 0 0 446 0 796 391 16 744 0 0 124 0 57 798 663 245 0 59 0 834 0 56 0 0 804 0 0 0 877 0 655 255 0 451 0 0 975 0 435 0 0 100 0 48 0
0 0 0 0 0 925 0 15 0 375 9 0 378 986 140 563 0 195 711 0 0 258 0 0 0 211 0 0 0 733 610 0 0 0 0 0 658 0 0 864 675 0 13 866 0 0 0 0 0 580 0 0 383 0 496 110 0 0 751 796 391 0 744 0 0 124 676 57 0 0 245 0 59 0 0 0 0 0 581 804 341 136 774 0 0 0 255 0 451 0 607 0 0 0 340 0 100 0 0 28
410 206 471 0 0 0 467 15 0 0 9 0 0 0 0 0 0 195 0 0 11 0 0 927 995 211 0 646 0 0 0 0 0 803 313 0 0 736 466 864 675 0 13 866 0 313 0 616 0 0 0 0 0 0 0 0 0 0 0 0 0 0 744 69 532 124 676 57 0 0 245 0 0 0 834 0 0 0 0 804 341 136 0 877 988 0 255 0 0 198 0 0 200 435 0 35 100 420 0 28
0 0 0 380 0 925 0 0 0 0 0 981 378 0 0 563 795 0 711 0 0 258 472 0 0 0 0 0 901 0 0 0 916 803 313 228 0 0 0 864 675 0 13 0 0 0 0 616 0 580 0 0 0 606 0 110 846 446 0 796 0 16 744 0 0 124 0 57 0 663 245 0 59 0 834 263 56 349 581 804 0 136 0 0 0 655 255 642 451 0 0 0 0 0 340 0 100 0 0 28
410 206 471 0 248 925 0 15 0 0 0 0 378 0 0 0 795 195 711 0 11 0 0 927 0 0 546 646 901 733 0 0 0 0 0 0 0 736 0 864 0 0 0 0 102 313 0 616 340 580 830 0 0 0 496 110 846 0 0 0 391 16 0 69 0 0 0 0 0 0 0 161 59 16 0 263 0 0 0 804 0 0 0 877 0 0 255 0 451 0 0 975 0 435 340 0 100 0 0 0
410 0 0 0 248 0 0 15 943 0 9 981 378 986 0 563 795 195 711 0 11 0 0 927 995 0 0 0 901 0 610 0 0 0 313 228 658 0 0 0 675 0 13 0 0 0 435 0 340 0 830 335 383 0 496 0 0 0 0 0 0 0 0 0 0 124 0 0 0 0 0 161 0 16 0 0 0 349 581 804 341 136 774 877 988 655 255 0 451 198 607 0 0 435 340 35 0 0 0 0
410 206 0 380 248 0 0 15 0 375 9 0 378 0 140 0 795 195 711 0 11 0 472 0 0 211 546 646 0 0 0 0 916 803 313 0 0 736 0 864 0 0 0 0 0 0 0 616 0 0 0 335 0 606 496 110 0 446 0 796 0 16 0 69 0 0 0 0 798 663 245 0 59 0 0 263 56 0 0 804 0 0 774 0 0 655 0 0 0 198 0 0 0 0 0 0 0 0 48 0
0 0 0 0 0 0 0 15 943 0 9 0 378 0 0 563 795 0 711 0 11 0 472 0 0 211 0 0 901 733 610 225 0 803 0 228 0 736 466 0 0 0 13 0 102 0 0 616 0 0 0 0 383 606 0 0 0 0 0 0 391 16 0 69 532 0 0 0 0 663 245 161 0 16 834 0 0 349 0 0 341 0 774 0 0 655 255 642 0 198 0 0 0 0 0 0 0 420 48 0
410 0 471 0 0 925 0 15 0 0 9 981 378 0 140 0 795 195 711 0 0 0 0 927 995 0 0 0 0 0 610 0 916 0 313 228 0 736 466 864 0 162 13 866 0 0 0 0 0 0 830 0 383 0 496 110 0 0 0 796 391 0 0 0 0 124 0 0 0 0 245 0 59 16 834 263 56 0 0 804 0 136 774 877 0 655 255 642 451 198 0 975 200 0 0 35 100 0 0 28
0 206 0 380 0 0 0 15 0 0 9 981 0 0 0 563 0 195 0 566 11 258 0 0 0 0 0 646 0 733 0 0 0 803 313 0 0 736 466 864 0 162 13 0 0 0 435 616 0 0 830 335 0 606 0 110 0 446 751 0 391 0 0 0 0 0 0 0 798 0 0 0 0 16 0 0 0 0 0 0 341 136 0 0 988 0 255 642 451 0 0 0 0 0 340 35 0 420 48 28
0 0 471 0 248 0 0 15 943 0 9 981 0 986 0 0 0 195 0 0 11 258 472 927 995 0 0 0 901 733 0 0 0 0 0 0 658 0 0 864 675 0 13 0 0 313 435 0 0 580 830 0 0 606 0 110 0 446 0 0 0 0 0 69 0 0 676 57 0 0 0 0 0 16 0 0 56 349 581 0 0 136 0 0 988 0 255 642 451 198 0 975 0 435 0 0 100 420 0 28
0 0 0 380 248 0 467 0 0 0 9 981 0 0 140 563 0 0 0 0 0 0 0 927 995 211 546 0 901 0 610 0 0 803 313 0 0 736 0 0 0 0 0 866 0 0 0 0 0 0 0 0 383 0 496 0 0 446 751 0 391 0 0 0 0 0 676 0 798 0 0 0 0 0 834 263 56 0 581 804 341 136 0 877 0 655 0 0 451 198 607 975 0 0 0 0 0 420 48 0
0 206 471 0 0 925 0 15 0 375 0 981 0 0 140 563 0 195 0 0 11 0 472 927 995 211 0 0 0 733 610 225 0 0 313 228 658 0 0 0 0 162 0 866 0 313 435 0 0 0 830 0 383 0 496 110 0 446 0 0 0 0 744 69 532 0 0 0 0 0 245 0 59 16 0 0 56 349 0 0 341 0 0 877 0 655 0 642 451 0 0 0 0 0 340 0 0 0 0 28
0 0 0 380 248 925 467 15 0 375 9 0 378 986 0 563 0 195 711 0 0 258 0 0 0 211 0 646 0 0 0 225 0 0 0 228 0 736 466 0 0 162 13 866 102 0 435 0 0 0 0 0 383 0 496 110 0 0 751 0 391 16 0 0 532 124 676 57 798 0 245 0 0 0 0 263 56 349 0 0 0 0 0 877 988 655 0 0 0 0 607 0 0 0 340 35 0 0 48 28
410 206 0 380 248 925 0 0 943 375 0 981 0 0 0 563 795 195 0 0 11 258 472 0 0 211 0 0 901 733 0 225 916 803 313 228 0 736 466 0 0 162 0 866 0 0 0 616 0 580 0 335 0 606 0 0 0 0 0 0 0 0 744 0 0 0 0 0 0 0 0 0 59 16 0 263 0 349 0 0 0 0 0 0 0 0 0 0 0 0 0 975 0 0 340 35 0 420 0 28
410 206 0 380 248 925 467 0 943 0 9 981 0 986 140 563 0 195 711 566 0 258 0 0 995 0 546 0 901 0 610 0 0 0 313 228 0 736 0 864 0 0 13 0 0 0 435 616 0 0 0 0 0 606 0 0 846 0 751 796 0 16 744 0 0 124 676 57 0 0 245 161 59 0 0 0 0 0 581 0 341 0 774 877 0 0 255 642 0 0 0 975 200 435 0 35 0 0 0 0
410 0 0 0 248 0 467 15 0 0 9 0 0 0 0 0 795 0 0 0 11 0 0 927 0 211 0 646 0 733 610 0 916 803 0 228 658 0 0 0 675 0 0 0 0 313 0 616 340 580 0 0 0 0 496 110 846 446 751 796 0 0 0 0 532 0 676 57 798 663 245 0 59 0 0 263 0 349 0 804 0 136 0 0 988 0 255 0 0 0 607 0 0 0 340 35 100 420 0 0
0 0 0 0 248 0 467 15 0 0 0 0 378 0 140 563 0 195 0 0 0 0 472 927 0 0 0 646 0 733 0 225 0 803 313 228 0 736 0 864 0 0 13 0 0 313 0 0 0 580 830 335 0 0 496 0 0 446 751 796 391 16 0 0 532 0 0 0 798 663 0 0 59 0 834 263 56 0 0 804 341 0 0 877 0 655 0 642 451 0 0 975 0 435 0 35 100 420 48 0
410 206 0 380 248 925 467 0 0 0 0 0 0 0 0 563 0 195 0 566 11 0 0 0 995 211 0 0 0 733 0 225 0 803 313 228 0 0 0 0 0 0 13 866 102 313 435 616 340 580 0 335 0 0 0 0 0 0 0 0 0 0 0 0 532 0 676 57 0 0 245 0 59 0 834 263 0 0 0 0 341 136 774 0 988 655 0 642 0 198 607 0 200 435 340 0 0 0 48 28
0 0 0 380 0 925 467 0 0 0 0 0 378 0 140 563 795 0 711 566 11 0 0 927 0 0 0 646 901 0 0 0 0 0 0 228 0 0 466 0 0 0 0 866 0 313 435 0 0 580 0 335 383 606 0 0 846 0 0 796 0 0 0 69 0 124 676 0 798 663 0 0 59 0 0 0 0 349 581 0 341 0 0 877 988 0 255 642 451 198 0 975 0 0 340 0 0 420 0 0
410 0 471 0 248 925 0 15 943 0 9 0 0 986 140 563 0 0 711 566 0 0 472 927 0 0 0 0 901 0 0 0 0 0 0 0 658 0 0 864 0 0 0 866 0 313 0 616 0 0 830 335 383 606 496 110 0 0 751 0 0 16 0 0 532 0 676 57 798 0 0 0 0 0 834 0 56 0 0 0 341 136 774 877 0 0 255 0 0 0 0 975 200 0 340 35 0 0 48 28
410 0 0 0 0 0 0 0 943 0 0 0 0 0 0 0 0 0 0 0 0 258 0 927 0 0 0 646 901 0 0 225 0 0 0 0 0 736 0 0 0 0 13 866 0 0 435 616 0 0 0 0 0 606 496 0 0 0 0 0 391 0 744 0 0 124 0 57 798 663 245 0 59 16 0 263 0 349 0 0 0 0 774 877 0 0 0 0 0 0 0 975 200 435 0 0 0 0 48 0
0 0 471 0 0 0 467 0 0 375 9 0 378 986 0 563 0 0 0 0 0 0 0 927 995 0 0 646 0 733 0 0 916 803 313 0 658 0 0 0 675 162 13 0 0 313 0 0 340 0 0 0 0 0 496 0 846 0 0 796 0 0 744 0 0 0 0 0 798 0 0 161 0 16 0 263 0 0 0 0 0 136 0 0 988 0 255 0 0 198 607 0 0 0 0 35 0 0 0 28
0 206 0 380 248 0 0 15 943 0 9 0 0 0 140 0 795 195 0 0 0 0 472 927 0 0 0 646 901 733 610 0 916 0 0 228 0 736 0 864 0 0 0 866 102 313 435 616 0 0 830 0 0 0 0 0 0 0 0 0 391 0 744 69 0 0 676 57 798 663 0 161 0 16 834 263 0 0 0 804 341 0 0 877 0 655 0 0 0 198 607 0 200 0 340 35 100 0 48 0
0 0 471 0 0 0 0 15 943 375 0 981 378 986 0 563 0 195 711 0 11 0 472 0 0 211 546 646 901 733 610 225 916 0 0 0 658 736 466 0 675 0 0 0 0 313 0 0 0 580 830 335 0 606 0 110 846 0 751 796 0 0 0 69 532 0 0 0 798 663 245 0 59 0 834 0 0 349 0 804 0 0 774 0 988 655 255 642 0 198 607 0 0 435 340 0 0 420 48 28
410 206 471 380 0 0 467 15 943 0 9 981 378 986 140 0 795 0 711 566 11 0 0 0 995 0 546 0 901 733 0 225 0 803 313 0 658 736 0 864 0 0 0 866 0 313 435 616 0 0 830 0 0 606 496 0 0 0 751 0 0 16 0 69 0 0 0 0 798 0 0 0 0 16 0 263 0 0 0 0 0 0 774 0 0 655 0 0 0 198 0 975 0 435 340 0 0 420 48 28
0 206 0 380 0 0 0 15 0 0 9 981 378 986 0 0 795 195 0 0 0 0 472 927 995 0 546 0 901 0 0 0 0 0 0 0 0 0 0 0 0 162 0 866 0 0 435 0 0 0 0 335 0 0 496 0 846 446 0 796 0 0 0 69 0 124 676 0 798 0 245 161 59 16 834 263 0 0 0 0 0 136 774 877 0 0 0 642 0 0 0 975 0 0 340 35 0 0 48 28
0 206 0 380 248 925 0 15 943 0 9 981 0 986 0 0 0 0 0 566 11 258 0 927 995 0 546 0 901 0 610 0 0 0 313 228 658 736 466 0 0 162 13 866 0 0 435 0 0 0 830 0 383 606 0 0 0 446 0 796 0 0 0 0 532 0 0 57 0 0 0 0 0 0 0 0 0 0 581 0 0 0 0 877 0 655 0 0 451 0 607 975 200 0 0 35 100 420 48 0
0 0 471 380 0 0 467 0 0 0 0 0 0 986 140 563 0 195 711 566 11 0 0 0 0 0 546 0 901 0 0 0 0 0 313 228 0 0 466 0 675 162 13 866 0 0 0 0 340 580 830 335 383 606 496 0 0 446 751 0 391 0 744 0 532 124 676 0 0 663 0 0 59 0 834 263 56 0 581 0 341 0 0 0 0 0 255 642 0 0 607 0 200 435 340 0 100 0 0 28
0 206 471 380 0 925 0 15 943 375 0 0 0 986 0 0 795 195 0 566 11 258 472 0 995 211 0 0 0 733 0 0 0 803 0 228 0 0 466 864 675 162 0 866 0 0 0 616 0 0 0 335 383 606 496 110 846 446 0 796 0 16 0 0 0 124 676 57 798 663 0 161 59 0 0 0 56 0 0 804 0 0 0 0 988 655 255 0 451 0 0 0 0 0 0 35 0 0 0 0
410 0 0 380 248 0 0 0 0 0 0 0 0 0 140 563 795 195 0 566 11 0 472 0 0 211 546 646 901 733 610 0 916 803 313 0 0 0 0 864 0 0 0 0 0 0 0 0 340 580 0 0 383 0 496 0 0 0 0 0 391 16 744 69 532 0 0 0 798 0 245 161 0 16 834 263 0 349 581 804 0 136 774 0 0 0 0 642 451 0 607 0 0 435 0 0 0 420 48 0
410 0 0 380 248 925 0 0 0 0 9 0 378 0 0 563 795 0 711 0 0 0 472 0 0 0 546 0 901 733 610 0 916 0 313 228 658 736 466 0 675 0 13 0 102 313 0 0 0 580 830 335 383 0 0 0 846 0 0 0 0 0 744 0 532 0 0 0 798 0 245 0 0 0 0 263 0 0 0 804 0 136 0 0 988 655 0 0 451 0 0 975 200 435 0 35 0 0 0 0
410 206 0 0 248 0 0 0 943 375 0 0 378 986 140 0 0 0 0 566 11 0 472 0 995 0 546 0 0 733 610 0 916 803 313 0 0 736 0 864 0 162 0 866 102 313 435 0 0 580 0 335 0 0 0 0 0 446 0 796 391 0 0 69 532 0 676 0 798 663 0 161 0 16 834 263 56 0 0 0 0 0 0 0 0 655 255 642 0 198 607 975 0 0 340 0 0 420 0 28
0 0 471 380 248 925 467 0 0 0 0 0 378 0 140 563 0 195 711 566 0 0 472 0 995 211 546 646 0 733 0 225 916 0 0 0 658 736 466 0 675 162 13 866 102 313 435 616 0 580 0 335 383 0 496 0 846 446 0 796 391 16 0 0 0 0 676 0 798 0 0 0 0 16 0 0 0 0 0 0 341 136 0 0 0 0 0 642 451 198 0 975 0 435 0 35 0 420 48 28
0 206 471 380 248 0 467 15 943 0 9 981 0 986 0 563 0 0 0 0 11 258 0 927 995 211 546 0 0 0 0 0 916 803 313 228 0 0 466 0 675 162 13 0 0 0 435 0 340 580 0 335 0 0 496 110 0 0 751 0 0 16 744 0 532 124 676 0 0 663 0 0 0 16 0 0 56 0 0 0 341 136 774 877 0 655 255 642 0 0 607 975 0 435 340 35 0 420 0 0
0 0 471 380 0 0 0 15 943 0 9 0 0 0 140 0 0 0 0 0 0 258 0 927 995 211 0 646 901 0 0 0 916 0 0 0 0 0 466 864 675 162 13 0 0 0 0 0 0 580 0 335 383 0 0 0 0 0 0 796 0 16 0 0 532 0 0 57 0 0 0 0 0 16 0 0 0 349 0 804 341 136 774 877 0 0 0 0 0 198 0 0 200 0 340 35 100 0 48 28
410 0 471 380 0 0 467 0 943 0 0 0 0 0 0 563 795 0 711 0 0 258 472 0 0 0 0 646 0 0 0 0 0 803 0 0 0 736 466 864 675 162 0 866 0 0 0 0 340 0 830 335 383 606 496 110 846 0 751 796 391 0 0 0 532 0 0 0 0 663 0 161 0 16 0 263 0 0 0 0 0 0 774 877 0 0 255 0 451 198 0 0 200 0 340 35 0 420 48 28
410 0 471 0 248 0 0 0 943 0 9 981 0 0 0 0 0 195 711 0 0 258 0 0 0 211 0 646 0 733 610 0 0 0 0 228 658 0 0 864 0 162 0 0 102 313 0 0 0 0 0 335 0 606 0 0 846 0 751 0 391 0 744 0 532 0 0 57 798 0 245 0 0 16 0 263 0 349 0 804 0 0 0 0 0 0 0 0 451 198 0 0 0 435 0 0 100 0 0 28
0 206 0 0 248 925 0 15 943 375 0 981 0 986 0 0 795 195 711 0 0 258 0 927 995 0 546 646 901 0 0 0 916 803 0 228 0 736 0 864 0 162 0 866 0 0 435 616 0 580 830 0 0 0 0 0 846 0 751 796 391 16 0 0 0 0 676 57 798 663 0 0 59 0 0 0 56 349 0 0 341 0 0 877 988 655 0 0 451 0 607 975 200 0 340 0 100 420 0 0
410 0 0 380 0 925 0 0 943 0 0 0 0 986 140 563 795 0 0 0 11 0 0 0 0 0 0 0 0 0 0 0 916 803 0 0 0 0 0 0 0 0 13 866 0 313 0 616 340 0 0 335 0 606 496 0 846 446 0 0 0 0 744 0 0 0 0 57 798 663 245 161 59 0 834 0 56 0 0 0 0 0 774 0 0 655 0 0 451 198 607 0 0 0 340 0 0 420 0 28
410 0 0 0 248 0 467 15 0 375 9 0 378 986 0 0 0 0 0 0 11 258 472 927 0 0 0 646 901 733 0 225 916 803 0 228 0 0 466 0 0 162 13 0 0 0 435 616 0 580 830 335 0 0 0 110 846 0 751 796 0 0 744 0 0 0 0 0 798 663 0 161 59 0 0 263 0 0 0 0 341 136 0 877 0 655 255 0 451 0 607 0 0 435 0 35 0 0 0 0
0 206 0 0 248 0 467 0 943 0 0 981 0 0 140 0 0 195 711 0 11 0 472 0 0 0 546 0 0 0 0 0 0 0 313 228 0 0 466 0 0 162 13 866 102 313 0 0 340 580 830 335 0 606 0 110 846 0 751 0 0 16 0 69 0 0 676 57 798 663 0 0 59 0 0 0 0 0 581 0 341 0 774 877 0 0 255 0 0 0 607 975 0 435 340 0 0 420 0 0
410 0 471 380 248 925 467 0 0 375 9 981 0 0 0 563 0 195 0 566 0 0 0 927 0 211 546 0 0 0 0 0 916 803 313 228 658 736 466 0 0 0 13 0 102 0 435 0 340 580 830 0 383 0 496 110 846 446 751 796 0 0 0 69 532 0 676 0 798 663 0 161 59 16 0 0 0 349 0 0 0 0 0 0 988 0 255 642 0 198 607 975 0 435 0 35 0 420 0 0
410 206 471 0 0 925 0 0 943 375 9 981 0 986 0 563 795 0 711 0 11 258 0 0 0 211 546 0 901 733 0 0 0 803 0 0 0 0 0 0 0 0 13 0 0 313 435 616 0 0 0 0 383 606 0 0 846 446 0 796 391 16 744 0 532 124 0 57 0 663 0 0 0 16 0 263 0 0 581 804 0 136 0 877 988 0 255 642 0 198 0 0 0 435 0 35 0 0 48 28
0 206 471 0 248 0 467 0 943 375 0 0 0 986 140 0 795 0 0 0 11 258 472 927 0 211 0 0 901 0 610 0 0 0 313 0 0 736 0 864 675 0 13 0 0 0 0 0 0 0 0 335 0 0 496 0 846 446 751 796 391 16 744 0 532 124 0 0 0 663 0 0 0 0 0 263 0 0 0 0 0 0 0 877 988 0 0 642 0 0 0 975 200 0 0 0 100 0 48 0
410 206 471 0 248 0 467 0 943 375 0 0 378 0 140 0 0 195 711 566 0 258 0 0 995 0 0 646 901 0 610 225 0 0 313 228 658 0 0 864 675 162 13 0 102 0 435 0 340 0 0 335 383 0 0 110 846 446 751 0 0 16 744 0 532 0 0 57 798 0 0 0 0 16 834 263 0 349 0 804 0 136 0 877 0 655 255 0 0 0 0 975 200 435 340 35 0 0 48 28
410 206 471 380 0 0 467 0 0 0 9 0 378 0 0 0 0 195 0 0 0 258 0 0 0 0 0 0 0 0 0 225 916 803 0 0 658 0 0 864 0 162 13 0 102 0 435 616 0 580 0 335 383 0 0 110 846 0 0 796 0 16 744 69 0 124 0 0 0 0 245 0 59 0 0 0 0 349 0 0 341 136 774 0 988 0 0 642 451 0 0 0 0 435 0 0 100 0 0 0
0 206 0 0 248 0 467 15 0 0 0 0 378 0 0 0 0 0 0 566 11 0 472 0 995 211 0 0 901 0 0 0 916 0 0 228 0 736 466 0 675 0 0 866 102 0 0 616 0 580 0 0 0 606 0 110 846 0 751 0 391 0 0 0 532 0 676 0 0 663 0 0 59 16 0 0 0 349 581 0 0 136 774 0 988 0 0 642 451 198 607 0 200 0 0 35 100 0 0 28
410 0 471 0 248 925 0 15 0 375 9 0 0 986 0 0 0 195 0 566 0 0 472 927 995 0 0 0 901 733 610 225 916 0 0 0 658 736 0 0 675 0 13 866 102 0 435 616 340 0 830 0 0 0 0 110 0 446 751 796 0 0 0 69 532 124 676 0 798 663 0 0 59 16 0 263 56 0 0 0 0 0 0 877 988 655 255 642 451 0 0 0 200 435 340 35 0 0 0 28
410 0 471 380 0 0 0 0 0 0 0 0 378 0 140 563 795 0 0 0 0 0 0 0 995 0 0 0 0 0 0 0 916 0 0 0 658 736 0 864 0 0 13 0 102 313 0 616 0 0 0 335 0 0 0 110 0 446 0 0 391 16 0 0 0 0 0 57 798 663 0 0 0 16 834 0 0 0 0 0 0 0 0 0 988 655 0 0 0 198 0 975 0 0 0 0 0 420 0 0
410 206 0 380 0 925 0 0 0 0 0 0 378 0 140 0 795 0 0 0 11 258 472 927 995 211 0 646 901 733 0 225 916 803 313 0 0 0 0 864 0 162 0 866 0 0 435 0 0 0 830 335 0 0 496 0 0 0 751 0 391 0 744 69 532 124 0 57 0 663 0 161 59 16 834 263 56 0 581 0 0 136 774 0 988 655 0 642 451 0 607 975 0 435 340 35 100 0 0 28
0 206 0 380 0 925 467 15 0 375 0 0 0 0 140 0 795 0 711 566 0 258 0 0 0 211 546 0 0 0 610 0 0 0 0 0 658 736 466 0 0 0 13 0 0 313 0 616 340 0 830 0 0 0 0 0 0 0 0 0 0 0 744 0 532 124 0 0 798 0 245 0 0 16 834 0 56 349 0 804 0 136 774 0 988 0 0 0 0 0 0 975 200 0 340 0 0 0 0 0
0 206 471 0 0 0 467 15 943 375 0 0 0 986 0 0 0 195 711 0 0 0 0 927 0 211 0 646 0 0 0 0 916 803 0 0 0 0 0 864 675 0 0 866 0 0 0 0 340 0 0 335 0 606 0 110 846 446 0 0 0 16 744 69 0 0 676 0 798 0 0 161 59 0 834 0 56 0 0 0 0 0 774 0 988 0 0 0 0 198 607 975 200 435 0 35 100 0 48 0
0 206 0 380 248 0 467 15 0 0 9 0 378 986 140 0 795 0 711 566 0 0 0 927 995 0 0 646 901 733 610 0 0 803 0 228 658 736 466 0 0 162 13 0 102 0 0 0 340 0 830 335 383 606 0 0 846 0 0 0 391 16 744 0 532 0 0 57 0 0 245 0 0 0 834 263 0 349 0 0 0 0 774 877 0 655 0 0 0 198 0 0 0 0 340 0 100 0 0 0
410 0 471 380 0 925 467 15 0 375 0 0 378 0 0 563 0 195 711 566 0 0 472 927 995 211 0 0 0 733 610 225 0 0 0 0 658 0 466 864 675 162 13 866 102 0 435 0 340 580 830 335 383 0 0 110 846 446 0 0 0 0 744 0 532 0 676 0 798 0 245 161 59 0 0 263 56 0 581 0 0 0 774 0 988 655 0 0 451 0 0 0 0 0 0 0 0 0 48 0
0 0 0 380 0 925 0 0 943 0 0 0 378 0 140 0 795 195 711 0 11 0 0 0 995 0 0 0 0 733 610 225 0 0 0 0 658 736 0 0 0 0 0 866 102 313 435 0 340 580 0 0 0 0 0 110 0 0 751 0 391 16 744 0 0 0 0 0 0 0 0 161 59 0 834 0 56 0 581 804 341 0 774 877 0 0 255 642 451 198 607 0 0 0 340 0 100 420 48 0
410 0 471 380 248 925 0 15 943 375 0 0 378 986 0 0 0 0 711 0 0 258 472 0 0 0 546 646 901 733 610 0 0 803 0 0 658 736 466 864 675 0 13 866 0 0 0 616 0 580 830 335 0 606 496 0 846 446 0 0 0 16 0 0 0 124 0 57 798 0 245 161 0 0 834 0 0 349 581 0 341 136 774 877 988 655 255 642 0 0 607 975 200 0 0 35 100 420 48 28
410 206 471 380 0 925 467 0 0 0 0 981 378 986 140 563 0 0 711 0 0 0 0 927 995 211 0 0 0 733 0 0 0 0 0 0 658 0 0 0 675 162 13 866 102 0 0 0 340 0 830 0 0 0 0 110 0 446 751 796 0 0 744 0 0 0 0 0 798 0 245 0 59 16 834 0 56 0 0 0 341 0 774 0 0 655 255 0 0 0 607 0 200 0 0 0 0 420 0 0
410 206 0 380 0 0 467 15 0 0 0 981 378 986 140 563 0 0 0 0 0 0 472 927 0 211 546 646 901 0 0 0 916 803 0 0 658 0 0 0 0 0 13 866 0 0 435 616 340 0 830 335 0 0 496 110 0 0 751 796 391 16 744 69 0 0 676 57 798 663 245 0 59 0 0 263 56 0 0 804 341 0 774 877 988 0 0 642 0 0 607 975 200 435 0 0 0 0 48 28
0 206 471 0 248 925 467 15 943 375 9 0 0 986 140 0 0 195 711 0 0 0 0 0 0 0 546 646 0 0 610 225 916 803 313 0 0 0 0 0 675 162 0 866 102 313 0 616 340 0 830 0 383 606 496 110 0 0 0 0 391 0 0 69 532 0 676 57 0 0 0 161 59 0 0 0 56 0 581 0 341 136 774 0 0 0 255 0 0 198 607 0 0 0 340 35 100 0 0 0
0 0 0 0 248 0 467 0 943 0 9 0 0 986 0 0 0 0 711 566 0 258 472 0 995 0 546 0 901 0 0 225 0 0 0 228 658 736 0 864 0 0 0 866 0 0 435 616 0 0 830 335 383 0 0 0 0 0 751 0 391 0 0 0 532 0 676 57 798 663 245 0 59 0 834 0 0 349 581 0 341 0 0 877 988 0 0 642 0 0 0 0 0 435 0 0 100 0 0 28
0 206 471 380 0 0 467 0 0 375 0 0 378 0 0 0 795 195 0 0 11 258 0 927 0 0 546 646 0 0 0 0 916 803 0 228 658 736 466 864 0 162 13 866 0 0 0 616 340 580 830 0 0 0 496 0 0 0 0 0 391 0 744 69 532 0 0 0 798 663 0 161 59 16 0 0 56 0 581 804 0 136 774 877 988 655 0 642 0 198 0 0 0 0 340 0 0 0 0 28
410 206 0 0 248 925 0 15 0 375 9 981 378 0 0 563 795 0 0 0 0 258 0 0 0 0 546 0 901 733 0 225 0 803 313 228 658 0 0 864 675 162 0 0 0 313 0 616 340 0 0 0 383 606 496 110 0 446 0 796 0 0 744 0 0 124 0 0 798 663 245 161 59 16 0 263 0 349 0 0 0 0 774 877 988 655 0 642 0 0 0 0 0 0 340 0 100 0 0 0
0 206 0 380 0 925 0 0 0 0 0 0 378 0 0 0 795 0 0 0 11 258 472 0 0 211 0 0 0 733 0 0 0 0 313 228 0 736 466 0 675 0 0 866 102 0 435 0 0 0 0 335 0 606 0 110 0 446 751 796 391 0 744 0 0 124 676 0 798 0 245 0 0 0 0 0 56 349 581 0 0 0 774 0 988 0 255 642 451 198 607 0 0 435 0 0 0 420 0 0
0 0 471 380 0 0 0 0 0 0 0 0 378 986 0 0 0 195 711 566 0 258 472 0 995 211 546 0 0 0 610 0 0 0 0 228 658 0 0 864 675 0 0 0 0 0 435 0 0 580 830 335 0 0 0 110 846 0 0 0 0 16 744 69 0 0 0 57 798 0 0 0 59 16 834 263 56 0 581 0 0 0 0 0 988 655 0 642 0 198 0 0 0 0 0 35 0 0 48 28
0 0 471 380 248 0 0 15 943 0 0 0 0 986 0 563 0 195 0 0 11 258 0 0 0 211 0 0 901 733 610 0 0 803 0 0 658 0 466 864 0 0 0 866 102 0 0 0 0 580 830 335 0 606 496 110 846 0 751 0 0 16 744 69 0 0 676 57 0 663 0 161 0 0 0 263 56 0 0 804 341 0 774 0 0 0 0 0 451 198 0 975 200 435 0 35 100 0 48 0
410 206 0 380 248 925 0 15 943 0 9 981 378 986 140 0 795 195 711 0 0 258 472 927 0 211 0 0 0 0 0 225 0 803 0 0 0 0 0 864 675 162 0 866 0 313 435 616 0 0 830 0 0 606 0 0 0 0 0 0 391 16 0 69 0 0 0 57 0 663 245 161 59 0 834 0 0 0 0 0 0 136 774 877 0 0 0 0 451 198 0 975 0 0 0 0 0 420 48 28
410 206 0 0 0 0 0 15 943 0 0 0 378 986 0 0 0 0 0 0 0 258 0 0 0 211 0 0 901 0 0 0 0 0 313 228 0 0 0 864 675 0 0 0 0 313 435 616 0 0 0 335 383 606 0 0 846 0 751 0 0 16 0 0 0 0 0 0 798 0 0 161 59 0 834 263 0 349 581 0 0 0 774 877 0 655 0 642 451 198 0 975 200 0 340 35 0 420 48 0
0 0 0 380 248 925 0 0 943 375 9 981 378 0 140 563 0 195 711 566 11 0 0 927 995 0 546 646 901 733 0 0 916 0 0 0 658 0 466 864 0 162 13 0 102 0 435 0 0 0 0 0 0 0 496 110 0 0 751 796 0 16 0 0 532 0 0 57 0 663 245 161 59 0 0 263 56 0 581 0 0 0 0 877 0 0 255 0 451 0 607 975 0 435 340 0 100 0 48 0
410 206 471 0 248 0 467 15 943 0 0 0 0 0 140 563 0 195 0 566 11 258 0 927 0 0 0 0 0 733 0 0 0 0 313 0 0 0 466 864 675 0 13 0 0 0 0 616 0 0 0 0 0 606 496 110 0 446 751 796 391 0 0 69 0 0 676 57 798 0 0 161 59 16 834 263 56 0 581 804 0 136 774 0 988 655 0 0 0 0 607 975 200 435 0 0 100 420 0 28
0 206 471 0 0 925 467 15 0 375 9 0 0 0 0 563 0 0 711 0 11 0 472 927 995 0 0 0 0 0 0 225 0 0 0 0 658 0 466 0 675 162 13 866 102 313 0 616 340 0 0 335 0 606 496 110 0 446 0 0 0 0 744 69 532 0 0 0 798 663 245 161 59 16 834 263 0 0 0 804 0 0 0 0 988 655 0 0 451 198 607 0 200 0 0 35 0 0 0 28
410 206 0 0 0 925 467 15 0 375 9 981 0 0 0 0 795 195 0 566 11 0 0 927 995 0 546 0 0 733 610 0 916 803 313 0 658 736 466 0 0 162 13 0 102 0 435 616 0 580 0 0 0 0 0 0 0 0 751 796 391 0 0 0 0 0 0 0 0 663 245 161 0 0 0 0 0 349 581 0 0 136 0 877 0 0 0 0 0 198 607 0 0 435 0 0 100 0 0 0
410 206 0 0 248 925 0 0 0 375 0 0 0 0 0 563 795 195 0 566 11 0 0 927 0 0 546 0 0 0 0 0 0 803 313 0 658 736 0 864 675 0 13 0 0 0 0 0 340 580 0 0 0 606 496 0 0 446 0 0 0 16 744 0 0 0 0 57 798 0 245 0 0 16 0 0 0 349 0 0 341 0 0 0 988 655 0 642 451 0 0 975 0 435 340 35 0 0 48 0
0 206 471 0 248 0 0 15 0 0 9 981 0 0 140 0 0 195 0 0 11 0 472 0 995 0 546 0 901 733 0 225 0 803 0 0 0 736 0 0 0 162 0 866 102 313 0 0 340 580 0 0 0 0 0 110 0 0 751 796 391 0 744 69 0 124 676 0 0 0 245 161 0 0 0 263 56 0 0 0 0 0 774 0 0 0 255 0 0 198 0 0 0 435 340 35 100 0 48 28
0 206 0 380 248 0 467 15 0 0 0 981 0 0 140 0 795 0 0 0 0 0 472 0 0 211 0 0 901 0 0 225 916 0 0 0 658 0 466 0 0 0 0 866 0 313 435 616 340 0 0 335 0 606 0 0 0 446 751 0 0 0 0 69 0 0 0 57 798 663 245 161 59 0 0 263 56 0 581 0 0 136 0 0 0 0 0 642 0 198 607 0 0 0 0 35 100 420 0 0
0 206 471 0 0 925 0 0 943 0 9 981 378 986 0 0 795 195 711 0 0 258 472 927 995 211 546 0 0 0 0 225 916 803 313 0 658 736 466 0 675 0 13 0 102 313 435 0 0 0 0 335 0 0 496 0 0 0 0 796 0 0 744 0 532 0 0 0 0 0 245 0 59 0 834 0 0 349 581 0 0 136 774 0 0 0 255 642 451 0 607 975 200 0 0 0 100 0 0 0
0 0 0 0 0 925 0 15 0 375 9 0 378 0 0 0 795 0 711 566 0 258 0 0 0 0 0 0 901 733 610 225 0 0 0 228 658 0 466 0 675 0 13 0 102 0 0 616 0 580 0 0 0 606 0 0 0 0 751 796 391 0 0 0 0 124 0 57 0 663 245 161 59 16 0 263 0 0 581 804 0 0 774 0 988 0 255 642 451 0 0 975 0 0 0 35 0 420 48 0
410 0 471 380 0 925 0 0 943 0 9 981 0 0 0 0 795 0 0 566 0 0 0 927 995 211 546 646 901 733 0 0 0 0 0 0 658 0 0 0 0 0 13 0 0 0 435 0 340 0 830 0 383 606 0 110 846 446 0 796 0 16 744 0 532 0 0 0 798 663 0 0 59 16 0 263 56 0 0 0 0 136 774 877 0 0 0 642 451 0 607 0 0 0 0 0 0 420 48 0
410 206 0 380 0 0 467 0 0 0 0 0 378 986 140 0 0 0 711 566 11 258 472 927 0 0 0 646 0 0 0 0 0 0 313 228 658 736 0 0 0 162 13 866 102 0 435 0 340 0 0 0 383 606 0 0 0 446 0 796 391 0 0 69 0 124 0 0 798 0 245 161 59 0 0 263 56 0 581 0 341 136 774 877 988 0 255 0 451 198 607 0 0 435 0 35 0 420 0 0
410 0 0 380 0 925 467 0 943 0 9 0 0 986 0 0 0 0 0 0 0 0 472 0 995 211 0 646 901 733 0 0 0 0 0 228 658 0 0 864 0 162 0 866 102 0 0 616 340 0 830 335 0 606 496 0 846 0 751 796 391 0 744 69 0 124 0 0 798 663 0 0 59 0 0 0 0 349 0 804 341 136 0 0 988 0 255 642 0 198 0 0 0 435 340 0 0 0 0 28
410 0 471 380 248 925 467 0 0 375 0 0 378 0 140 563 0 0 711 0 11 258 0 0 0 211 0 0 901 0 0 0 916 0 0 0 658 0 0 864 0 0 0 0 0 313 435 616 0 0 0 0 0 606 0 110 0 0 0 796 0 0 744 0 0 0 676 0 0 663 245 161 0 16 834 0 0 349 581 0 341 0 0 0 0 0 0 0 0 198 0 0 200 435 0 0 100 420 48 28
0 0 471 0 0 925 0 15 0 375 0 981 0 0 0 563 0 0 711 0 0 0 472 0 995 211 0 0 901 0 0 0 916 0 0 0 0 0 466 0 0 162 13 0 0 313 0 0 0 0 0 0 0 0 0 0 0 446 0 796 0 0 0 69 0 0 676 0 798 0 245 0 0 0 834 263 0 349 581 0 341 0 0 0 988 655 255 0 0 0 607 0 0 0 0 35 100 420 0 0
12.66, 14.44, 2.14, 12.77, 51.7, 15.29, 24.78, 8.09, 0.44, 3.27, 40.36, 24.57, 6.99, 28.42, 5.04, 0.14, 2.64, 19.74, 6.78, 5.24, 20.77, 8.08, 6.55, 76.26, 9.14, 62.63, 7.06, 9.8, 4.03, 14.49, 52.29, 28.47, 0.01, 24.27, 1.68, 7.25, 13.58, 24.76, 2.62, 17.32, 11.61, 3.81, 3.36, 10.19, 22.84, 5.86, 26.67, 25.6, 15.17, 78.78, 44.64, 13.46, 19.42, 4.71, 14.47, 15.38, 1.32, 51.77, 0.37, 7.48, 9.82, 80.43, 28.31, 13.15, 17.91, 10.45, 8.72, 29.3, 29.83, 37.49, 6.72, 12.8, 58.41, 19.58, 2.29, 0.18, 21.98, 28.99, 58.11, 19.8, 3.69, 32.32, 56.83, 1.85, 51.98, 31.74, 16.81, 19.47, 13.27, 50.38, 18.19, 25.96, 14.81, 4, 25.16, 31.05, 10.8, 16.12, 3.89, 6.45,
1.19, 14.2, 2.17, 6.07, 0.04, 3.43, 38.32, 17.77, 2.19, 18.3, 0.22, 3.87, 4.67, 1.7, 15.5, 0.73, 11.39, 50.4, 1.59, 15.86, 2.16, 5.63, 0.31, 1.81, 24.12, 1.92, 11.31, 15.79, 18.99, 0.2, 5.13, 0.81, 7.1, 1.47, 15.56, 6.29, 23.95, 41.7, 22.55, 20.61, 6, 7.34, 4.39, 9.14, 6.7, 6.5, 11.05, 22.92, 1.76, 5.12, 8.34, 9.01, 14.16, 4.06, 3.23, 0.45, 1.44, 4.39, 6.31, 12.52, 14.76, 19, 16.3, 13.17, 8.94, 20.17, 1.92, 1.1, 1.36, 4.63, 4.01, 0.39, 0.04, 7.73, 13.88, 15.72, 28.36, 19.96, 6.03, 6.1, 19.96, 4.68, 1.53, 4.34, 4.08, 1.19, 3.04, 11.23, 5.18, 16.4, 16.46, 1.91, 2.2, 2.84, 3.91, 1, 18.16, 8.92, 2.44, 22.59,
7.0,7.0,7.0,7.0,7.0,8.0,8.0,8.0,8.0,8.0,9.0,9.0,9.0,9.0,9.0,10.0,10.0,10.0,10.0,10.0,11.0,11.0,11.0,11.0,11.0,12.0,12.0,12.0,12.0,12.0,13.0,13.0,13.0,13.0,13.0,14.0,14.0,14.0,14.0,14.0