100
0 0 0 75 30 0 0 331 445 414 352 928 0 0 730 0 0 65 0 211 319 0 585 0 0 0 0 0 0 0 0 77 631 0 0 812 856 0 418 0 0 0 344 0 907 0 0 659 567 971 0 544 0 873 0 0 0 0 0 0 0 904 0 810 0 679 759 0 0 0 0 94 0 0 0 0 0 0 0 736 119 0 0 291 441 119 922 733 462 673 289 0 376 671 0 0 282 0 0 0
166 799 0 0 0 418 0 331 445 414 0 928 930 281 0 0 940 65 0 211 0 123 0 0 996 195 817 620 0 0 724 0 0 215 919 812 856 817 0 0 0 0 344 68 907 222 298 659 0 0 106 0 0 0 0 779 0 0 119 0 0 904 427 810 0 0 0 684 848 312 184 94 16 0 0 0 103 0 0 736 119 104 553 0 441 119 0 733 0 0 289 0 376 0 0 0 282 739 0 0
0 799 143 0 0 418 854 0 0 414 352 928 0 0 730 0 0 0 989 211 319 123 0 0 0 0 817 0 986 0 0 0 631 215 919 0 0 817 418 978 0 0 0 0 907 222 0 659 567 0 106 544 0 0 905 0 0 0 119 0 778 0 427 810 0 0 0 0 848 0 184 94 16 903 796 0 103 175 529 736 0 104 553 291 0 119 0 0 462 673 289 664 376 671 413 0 282 739 575 25
0 0 0 0 30 0 854 0 0 414 352 928 930 281 730 218 940 0 989 211 319 123 585 0 0 195 0 620 986 442 0 0 0 215 0 0 856 817 418 978 500 0 344 68 907 222 0 0 567 971 106 0 915 873 905 779 168 122 119 433 778 0 427 810 469 679 0 684 0 312 0 94 0 903 0 0 103 175 0 736 0 104 553 291 441 0 922 733 462 0 0 0 0 0 413 712 0 0 0 0
0 0 143 75 30 0 854 331 0 414 0 928 0 0 730 218 940 65 989 0 0 0 0 659 996 195 0 620 0 0 724 77 631 215 919 812 0 0 418 978 0 499 344 68 0 0 0 0 567 0 106 0 915 0 905 779 0 0 0 433 778 904 0 0 469 0 0 0 0 312 0 94 0 903 0 0 0 0 0 0 119 104 0 0 441 0 0 0 0 673 0 0 0 0 413 0 282 739 0 0
166 0 0 0 30 0 854 0 0 414 0 928 0 281 0 0 0 0 0 0 0 0 0 659 996 0 817 620 0 442 724 0 0 215 0 812 856 0 418 978 0 499 344 0 0 222 298 0 0 971 106 0 915 0 0 0 168 0 119 433 0 0 427 0 0 679 0 684 848 312 184 94 16 0 796 79 103 175 0 736 0 0 553 291 0 119 0 733 0 0 289 664 0 671 413 0 0 739 575 25
166 799 143 75 30 0 0 331 445 414 352 0 0 0 0 0 0 65 0 0 319 123 0 0 996 195 0 0 0 442 724 0 0 0 0 812 856 817 0 978 500 0 0 0 907 222 298 0 0 0 0 0 0 0 905 779 168 122 119 0 0 904 427 0 469 679 759 0 0 312 0 0 0 903 0 79 103 175 529 0 119 0 553 0 0 0 0 733 0 0 0 0 376 671 0 0 0 0 575 25
166 0 0 75 30 418 0 331 0 414 0 0 930 281 730 0 940 65 989 211 0 123 585 659 0 0 817 0 0 0 724 77 631 215 0 0 856 0 0 978 500 0 344 0 907 0 0 659 0 971 0 0 915 873 905 779 0 122 119 433 778 0 0 810 0 679 759 684 848 312 0 94 0 0 796 79 103 0 0 736 119 104 0 0 441 119 0 733 462 0 289 664 376 0 413 712 282 0 575 25
166 799 0 75 0 0 854 331 445 0 0 0 0 281 0 218 0 0 989 0 319 0 0 659 0 195 817 620 0 0 0 0 631 215 0 0 856 0 418 978 0 499 0 68 907 0 298 659 0 0 106 0 0 873 0 0 0 122 119 433 0 904 427 810 0 679 759 0 848 312 184 94 16 0 796 0 103 0 0 0 119 0 553 291 0 0 922 0 0 0 289 664 0 671 0 712 0 0 575 25
0 0 0 75 30 418 854 0 0 414 0 928 930 281 730 218 940 65 0 0 319 123 0 659 0 195 0 0 0 0 0 77 0 215 0 0 0 0 0 978 500 0 344 0 907 0 0 0 0 0 106 544 915 873 0 0 0 122 0 433 778 0 0 0 0 679 0 0 848 312 184 94 0 903 0 79 103 0 0 0 119 0 553 291 441 119 922 0 0 0 0 664 376 671 0 0 0 0 575 0
0 799 0 75 30 418 854 331 445 414 352 0 0 0 730 218 0 0 0 211 0 123 585 0 0 0 0 620 986 0 0 77 631 215 0 812 0 0 418 978 500 0 344 68 907 222 0 0 567 0 106 544 915 0 0 0 0 0 0 0 0 0 427 810 0 679 759 0 0 312 0 0 0 903 0 0 103 175 529 736 0 104 553 0 441 119 0 0 0 673 289 0 0 0 0 712 0 0 0 0
0 0 0 75 0 0 854 331 0 414 0 0 930 281 0 0 0 0 989 0 319 123 585 659 0 195 0 0 986 442 724 0 631 215 919 812 856 0 418 978 500 0 0 68 0 222 0 0 567 0 0 0 0 873 905 0 168 0 0 0 0 0 427 810 0 0 759 0 848 0 184 0 16 903 796 79 103 175 0 0 119 0 553 0 441 119 922 733 462 0 289 664 376 671 0 0 282 0 575 25
0 799 0 75 30 0 854 331 445 414 352 928 930 0 0 218 940 0 989 211 0 123 585 0 0 0 817 620 986 0 0 77 631 215 919 812 0 0 418 0 500 499 344 68 907 0 298 0 0 971 106 544 0 0 905 779 168 122 119 0 0 0 427 810 0 679 0 0 0 312 0 0 16 903 796 79 0 0 529 736 0 0 0 291 441 119 0 733 462 673 289 664 376 0 0 0 0 0 0 0
0 0 143 0 30 418 0 0 0 414 0 0 930 0 0 0 940 65 0 211 319 123 0 0 996 0 817 0 0 442 0 77 0 215 919 812 0 817 0 0 500 0 344 68 907 0 0 0 567 0 106 0 915 873 0 0 168 0 119 433 778 0 427 810 469 0 0 684 848 0 0 94 16 0 796 79 103 175 529 736 0 0 0 0 0 0 0 0 462 673 0 664 376 0 413 0 282 0 575 25
166 799 143 75 30 418 0 331 0 0 0 928 930 0 0 218 940 65 989 0 0 0 585 0 0 0 0 620 0 0 724 77 631 215 0 0 856 817 418 978 0 499 344 68 907 222 298 659 0 0 106 0 915 873 0 779 0 122 119 0 0 904 427 0 0 0 0 0 0 312 0 0 16 0 0 79 0 0 0 736 119 0 0 0 441 0 922 733 0 673 0 664 376 0 0 0 0 0 575 0
0 0 143 75 30 418 0 331 0 414 352 0 930 281 730 0 940 0 989 211 319 0 0 0 0 0 817 620 0 0 0 0 0 215 919 0 856 0 418 978 0 0 0 0 0 222 298 659 567 0 0 0 0 873 905 0 0 0 119 0 0 904 427 0 0 679 759 0 0 312 184 94 0 0 0 79 103 0 529 736 119 104 553 291 441 119 0 0 462 0 289 0 376 671 0 712 282 739 575 0
0 799 143 75 30 418 0 331 445 414 352 928 930 0 0 0 940 65 989 0 0 123 0 659 0 0 817 0 0 0 0 77 631 0 0 812 856 817 0 0 500 0 344 0 907 222 298 659 0 0 0 0 0 0 0 779 0 0 0 0 778 0 0 810 0 0 759 0 848 312 184 94 16 903 796 0 0 175 529 736 0 0 553 291 0 119 922 733 462 0 289 664 0 671 0 712 282 739 575 0
0 0 0 75 30 0 0 0 0 0 352 928 0 281 0 0 940 65 0 0 0 123 585 659 996 195 0 0 0 0 724 0 0 215 0 0 0 817 0 0 500 0 0 0 907 0 298 659 567 0 106 0 915 873 905 0 168 0 119 0 0 0 427 810 0 679 759 0 848 0 184 0 0 0 0 0 103 175 0 0 0 104 553 291 441 119 922 0 0 0 0 664 376 0 413 0 0 0 0 25
166 799 0 0 30 418 0 0 0 414 352 928 930 0 0 0 940 65 989 0 319 0 585 659 0 0 817 0 0 442 724 0 0 215 919 812 856 817 0 978 500 499 344 68 0 222 0 659 0 971 106 0 915 873 905 0 0 0 119 433 0 904 427 810 0 0 759 684 0 0 0 0 16 903 0 79 0 175 529 736 119 0 0 0 0 0 922 733 462 673 0 664 0 0 413 712 0 739 0 25
166 799 143 75 0 0 854 0 0 0 352 928 930 281 0 218 940 65 989 0 0 0 585 0 996 0 817 0 986 442 0 0 0 0 0 0 856 0 418 978 500 499 0 0 0 0 0 0 0 0 106 0 0 0 905 779 168 0 0 433 0 0 0 0 469 679 759 0 0 312 0 94 0 0 796 0 103 0 529 0 0 104 0 0 441 0 0 733 462 673 289 664 376 671 413 0 282 0 575 0
166 0 143 0 0 0 854 331 0 414 352 0 0 281 730 218 0 0 0 211 0 0 585 0 996 0 817 620 0 442 724 0 0 215 0 0 0 0 418 978 0 0 0 0 0 0 298 659 0 971 106 544 0 0 0 0 168 0 119 0 0 904 0 0 469 679 759 0 848 312 184 94 16 903 796 0 103 175 529 0 0 0 0 0 0 0 922 733 462 673 289 0 0 671 0 712 282 0 575 25
166 0 0 0 0 418 854 331 445 414 352 0 0 0 0 218 940 0 989 211 319 0 0 659 996 0 817 620 0 0 0 0 631 0 919 812 856 0 0 978 500 499 0 68 0 0 0 0 567 971 0 0 0 873 905 0 0 0 119 0 0 0 0 0 0 0 759 0 0 0 184 94 0 0 796 0 103 0 0 736 119 104 553 0 441 119 922 0 462 0 0 0 376 671 413 712 0 739 0 25
0 799 0 75 30 418 0 0 0 0 0 0 0 0 0 0 0 65 989 0 0 0 0 0 996 0 817 0 0 0 724 77 0 215 919 0 856 0 0 0 0 0 344 68 907 0 298 659 0 0 0 544 0 873 0 0 0 122 0 0 778 904 427 810 469 0 0 684 0 0 0 94 16 903 0 0 103 0 529 736 119 0 553 291 0 119 0 0 0 673 289 664 0 0 413 0 282 739 0 0
166 0 143 0 0 0 0 331 445 414 0 0 930 0 730 0 0 65 0 0 319 0 585 659 996 0 0 620 986 0 0 77 0 215 919 0 856 0 418 0 0 0 0 0 0 222 0 659 0 971 106 0 915 0 905 0 168 122 119 0 778 904 0 810 0 0 0 684 848 0 184 94 16 0 0 79 103 0 0 0 119 0 553 291 0 0 922 0 0 673 0 0 376 671 413 0 0 0 575 25
0 0 143 0 30 0 854 0 445 414 0 928 930 281 730 218 0 65 989 211 319 123 0 659 0 0 0 0 986 0 724 0 0 215 919 812 0 0 418 0 500 499 344 0 0 0 298 0 0 971 106 0 915 873 0 779 0 0 119 0 0 0 427 810 469 0 0 684 0 312 0 94 0 0 796 0 0 0 0 0 119 0 553 0 0 0 0 0 0 673 289 0 0 0 413 712 282 0 0 0
0 0 143 0 0 418 0 331 0 414 0 928 930 281 0 0 0 0 0 211 0 123 0 659 996 195 817 0 986 0 0 77 0 215 919 812 856 817 418 0 0 499 344 0 907 0 298 0 567 0 106 0 0 0 0 0 0 0 0 0 778 0 0 810 469 0 759 684 848 312 184 94 0 903 0 79 0 0 0 736 0 104 0 291 0 0 922 0 0 0 289 664 0 671 0 712 0 0 575 25
0 799 143 75 0 0 0 331 0 414 0 928 0 281 0 0 0 65 989 211 319 0 0 0 0 195 0 0 0 442 724 77 0 215 0 0 0 0 418 978 500 499 0 68 0 222 0 0 567 0 0 0 915 873 905 0 168 0 0 0 0 904 0 0 0 0 759 684 848 0 184 94 16 0 796 79 0 0 0 736 119 104 0 291 441 119 0 733 462 0 0 664 0 671 413 712 282 0 575 0
0 0 143 0 30 418 854 0 445 414 0 0 0 0 730 0 0 0 989 0 0 0 0 659 0 195 0 620 0 442 724 0 631 215 919 0 0 0 0 978 0 0 344 68 907 0 298 0 0 971 0 0 0 0 0 0 0 122 0 0 0 904 427 810 469 0 0 684 0 0 184 94 0 0 0 0 103 0 0 0 119 104 0 0 0 119 922 0 462 673 289 0 0 671 0 712 282 0 575 0
166 799 0 0 30 0 854 0 445 414 352 0 930 281 0 218 0 65 989 0 319 123 0 0 996 0 0 0 986 442 724 0 631 215 0 812 0 0 0 0 0 0 0 0 907 0 298 659 0 0 106 0 915 873 0 779 168 0 119 433 778 904 427 0 0 679 759 684 848 312 0 0 16 903 0 79 103 175 529 736 0 0 553 0 441 0 0 0 0 0 0 664 376 671 413 712 0 0 575 0
166 799 0 75 30 418 854 0 445 414 352 0 930 0 730 218 0 65 989 0 319 0 585 659 0 195 817 0 986 442 0 0 631 215 919 812 856 817 418 978 500 0 344 0 907 222 298 659 567 971 0 0 915 0 0 779 168 122 119 0 778 904 0 810 0 679 0 684 848 312 0 94 16 903 0 79 0 0 529 736 0 104 0 291 0 0 922 0 462 673 0 664 0 671 0 0 282 739 575 25
166 799 0 75 0 418 0 331 0 0 352 0 0 281 0 0 0 0 0 0 319 123 0 659 0 0 0 620 0 442 724 0 631 215 0 812 0 817 418 0 0 499 344 0 907 222 298 0 0 971 0 0 0 0 905 0 0 0 119 433 778 904 0 0 0 679 759 0 848 0 184 0 16 0 796 79 103 0 529 736 0 104 0 291 0 0 0 0 0 673 289 664 376 0 0 712 0 739 0 0
0 799 0 75 0 418 854 0 0 414 352 0 0 0 0 218 940 0 989 0 319 0 585 0 996 195 0 0 986 442 724 77 631 215 919 812 0 817 418 978 500 499 344 0 0 222 298 659 0 971 106 544 915 0 0 0 0 122 0 0 778 0 0 0 469 679 759 0 848 0 0 0 16 903 796 79 0 175 529 0 0 0 553 0 441 0 0 733 462 673 289 0 376 0 413 0 0 0 0 0
166 0 143 0 30 0 0 331 0 0 0 928 0 281 730 218 0 65 989 211 319 123 585 0 996 195 817 620 0 0 0 0 0 0 0 812 0 817 418 0 500 499 0 0 0 0 298 659 567 971 0 544 0 0 905 779 168 0 0 433 0 0 0 810 0 679 759 684 0 0 0 94 0 903 0 0 0 175 529 0 0 104 553 0 0 119 922 0 462 673 289 664 0 671 0 712 282 0 0 0
0 799 143 75 30 0 0 0 0 414 0 0 930 281 730 218 0 65 0 0 0 0 585 0 996 195 817 620 0 442 0 0 631 215 0 0 0 0 418 978 500 0 0 0 0 222 298 0 0 0 106 544 0 0 0 779 168 122 0 433 778 0 0 0 0 0 759 0 848 312 0 0 16 903 0 0 103 175 529 736 119 104 0 0 441 0 0 0 0 673 0 0 376 0 413 712 0 739 0 0
166 0 143 75 0 418 0 0 445 414 0 0 0 281 730 218 940 0 989 0 0 123 585 659 0 0 0 0 986 442 724 0 0 215 919 812 856 817 418 978 0 499 344 0 0 222 0 0 567 0 0 544 0 873 0 779 168 0 0 0 778 0 0 810 469 0 759 0 848 312 184 0 0 0 796 79 0 0 0 736 119 104 553 291 0 0 0 0 0 0 289 0 376 0 413 0 282 0 0 25
166 799 143 75 30 418 854 331 0 0 0 0 0 0 730 0 0 0 989 0 319 0 0 659 996 195 817 620 986 442 0 0 0 0 919 812 0 817 418 978 500 499 0 0 907 0 298 0 567 971 106 0 0 873 0 0 168 0 0 0 0 904 0 0 469 0 0 0 0 0 0 0 0 0 796 79 103 0 0 736 0 0 553 291 441 119 922 0 0 673 0 0 0 0 413 712 0 0 575 25
0 0 143 75 30 418 0 331 0 0 0 928 930 0 0 0 0 0 989 0 0 0 0 659 0 0 0 620 0 0 0 0 0 0 919 812 0 817 418 978 500 499 344 0 0 0 298 0 0 0 0 0 0 873 0 0 0 0 119 433 778 0 427 0 0 679 0 684 848 0 184 94 0 0 796 79 103 0 0 736 119 0 0 291 441 119 0 733 462 0 0 664 0 0 0 0 282 739 575 25
0 0 0 75 0 0 854 0 0 414 0 928 930 0 0 0 940 0 0 0 0 123 585 659 996 0 0 0 0 442 724 0 0 0 919 0 0 817 418 978 0 499 344 68 0 222 298 0 567 0 0 544 0 0 905 779 0 0 0 433 0 904 427 0 469 679 0 0 848 312 0 94 16 903 796 0 103 0 529 736 119 104 0 0 0 0 0 0 462 0 289 664 0 0 413 0 0 0 575 25
0 799 143 75 0 418 0 0 0 0 352 928 0 0 0 0 0 0 989 211 319 0 585 659 0 0 817 0 0 0 0 0 0 0 919 0 0 817 418 978 500 499 344 68 0 0 0 659 567 0 0 0 915 873 0 0 168 122 119 0 778 904 0 810 0 679 0 684 848 312 184 0 0 0 796 0 103 0 0 0 119 104 553 0 441 0 0 733 0 673 0 0 0 0 0 0 282 739 575 0
166 0 143 0 30 418 0 0 445 414 0 0 0 0 0 218 0 0 989 0 319 123 585 0 0 195 0 620 0 0 724 77 0 215 0 0 856 817 0 978 500 0 0 0 907 0 0 659 567 971 106 0 0 0 905 779 168 122 0 0 0 0 427 810 0 0 0 684 0 0 0 0 0 903 796 79 103 0 0 0 119 104 553 0 441 0 922 733 462 673 0 664 376 0 0 712 0 0 575 0
0 0 0 75 30 418 854 0 445 414 352 928 930 281 0 218 0 0 0 211 0 0 0 0 0 195 0 620 0 442 724 0 0 0 919 812 856 817 418 978 0 499 344 0 0 0 298 0 567 0 0 0 915 0 0 779 168 0 0 433 778 904 0 0 0 679 759 0 848 0 0 0 0 0 796 0 0 0 0 0 0 104 553 0 441 0 922 733 462 0 0 0 376 671 413 0 0 739 575 25
0 799 0 75 30 418 854 0 445 0 352 928 930 0 0 0 940 0 0 0 0 123 585 0 996 195 817 0 0 442 0 77 631 0 0 812 0 0 0 0 0 499 344 68 907 222 298 0 567 0 106 544 915 873 905 779 168 122 0 433 778 0 427 0 0 679 0 684 0 312 0 0 16 903 796 0 103 0 529 736 0 104 553 0 0 119 922 0 0 673 289 664 0 0 0 0 0 0 575 25
0 0 143 75 0 418 854 331 0 414 0 0 930 281 730 218 940 0 0 0 319 123 0 0 0 195 0 0 986 442 724 77 0 215 0 0 0 817 418 978 500 499 0 0 907 0 298 0 567 971 106 0 0 0 905 779 168 0 119 433 778 904 427 0 0 679 0 684 848 0 0 94 16 903 796 0 0 0 529 0 0 0 0 291 0 119 922 0 462 673 289 664 376 671 0 712 282 0 0 25
166 799 143 75 0 418 0 0 0 414 352 0 930 281 730 218 940 65 0 0 0 123 585 0 0 0 0 0 0 442 724 0 631 215 0 0 856 817 418 0 0 0 344 0 907 222 0 659 567 971 106 0 915 873 0 779 168 122 0 0 778 904 427 0 0 679 0 0 0 0 184 94 16 903 796 0 103 0 529 736 0 0 0 0 0 119 922 733 462 673 289 664 0 0 413 712 282 0 575 0
166 799 143 75 0 0 854 331 0 414 352 928 930 0 0 0 0 0 989 211 319 0 0 659 0 0 817 0 0 442 724 0 631 215 919 812 856 0 418 978 0 0 0 0 907 0 0 659 0 971 106 544 915 0 0 0 0 122 119 0 0 0 0 810 469 0 759 0 848 312 184 0 0 0 796 79 0 175 529 0 0 0 0 291 441 0 0 0 462 673 289 0 0 0 413 0 0 739 575 25
166 799 143 0 0 0 0 0 0 0 352 928 0 0 730 218 940 0 989 211 319 0 0 659 0 0 0 0 0 0 0 77 0 215 919 0 0 0 418 978 500 0 0 0 907 222 298 659 567 971 106 0 915 873 905 0 168 122 0 433 0 904 0 0 0 679 759 0 0 0 0 0 0 0 796 79 0 175 0 0 119 104 553 0 441 0 0 733 462 0 289 0 376 0 413 0 0 739 0 0
0 799 0 75 0 0 854 0 0 0 0 928 0 0 730 218 0 0 0 211 0 123 585 0 996 0 817 620 0 442 724 77 631 215 919 0 856 0 418 0 0 499 0 68 907 222 298 0 567 971 106 0 0 873 905 779 168 0 0 0 0 904 427 810 469 679 0 684 0 0 0 0 16 903 796 0 0 175 529 0 119 0 0 291 441 0 922 733 462 0 0 0 376 671 0 712 282 739 0 25
0 799 143 0 30 418 854 331 0 0 0 928 930 281 0 218 940 0 989 211 319 123 0 659 996 195 817 620 0 0 724 0 0 0 0 812 0 817 0 0 500 499 344 0 0 222 0 0 567 971 106 544 0 0 905 0 0 0 0 433 0 904 427 0 0 679 759 0 848 0 0 0 0 903 0 0 103 175 0 0 0 0 553 291 0 119 0 0 0 0 0 0 0 671 0 0 0 0 575 25
166 0 0 0 0 418 854 0 445 414 0 928 930 281 0 0 940 65 989 211 0 0 0 0 996 195 0 0 986 0 0 77 631 0 0 0 856 817 0 978 0 0 344 68 0 0 298 0 567 971 0 0 915 873 0 0 0 122 0 0 0 904 0 0 469 679 0 0 0 0 184 94 16 0 796 0 103 175 529 0 119 104 0 0 0 0 922 733 462 673 289 0 0 0 413 0 282 0 575 25
166 0 143 0 0 418 854 0 0 0 0 928 930 0 0 0 940 0 989 0 0 123 585 659 0 195 817 620 0 0 0 77 631 215 0 812 856 0 418 0 0 0 344 0 907 0 298 659 567 0 0 544 0 0 0 779 168 122 119 433 778 904 427 0 469 679 0 0 0 312 0 94 16 0 796 79 0 175 0 0 119 0 0 0 441 0 0 0 0 673 289 0 376 671 413 712 0 739 0 0
166 799 0 0 30 418 0 0 445 0 0 0 930 0 730 218 940 0 989 211 319 0 0 659 996 0 817 0 0 0 724 0 0 0 919 0 856 0 0 978 0 0 344 0 0 0 298 0 0 0 106 544 0 873 0 779 168 0 119 0 0 904 427 0 469 679 0 684 848 0 0 94 0 0 796 0 103 175 529 736 119 104 0 0 0 119 0 0 0 0 289 664 376 0 413 0 282 0 575 25
166 799 0 75 30 0 854 331 0 414 0 928 0 281 0 0 940 65 0 0 0 0 585 659 0 195 817 0 0 0 724 0 631 0 919 0 856 0 0 978 0 0 0 0 907 0 298 0 567 971 106 544 0 873 0 0 168 122 119 433 778 904 0 0 0 0 759 684 0 312 184 0 0 903 0 79 0 175 529 736 0 0 0 291 0 0 0 0 462 673 289 664 0 0 0 712 282 739 575 0
0 799 143 0 30 418 854 331 0 414 0 928 0 0 0 218 940 65 989 211 319 0 585 0 0 0 817 620 986 442 0 77 631 0 0 812 0 817 0 0 500 0 344 68 907 222 0 0 567 0 0 544 915 873 905 779 168 122 0 433 0 904 427 810 0 679 759 684 0 0 0 0 0 0 796 0 103 0 529 736 119 0 0 0 441 0 0 733 0 673 0 664 376 671 0 712 0 0 0 0
166 799 143 0 30 418 854 0 0 414 0 928 0 281 0 218 0 65 0 211 0 0 0 0 0 0 817 620 986 442 0 0 0 215 0 812 0 0 0 0 0 499 344 0 907 0 298 0 0 971 0 0 915 873 905 779 168 0 119 0 778 0 0 0 469 0 0 0 848 312 0 0 16 903 0 79 0 175 0 736 0 104 553 0 441 119 922 733 462 0 289 664 0 0 413 0 282 0 0 0
166 0 0 75 30 0 854 0 0 0 0 928 0 0 730 0 0 0 989 211 319 123 585 0 996 195 0 620 0 0 0 77 631 0 0 0 0 0 0 978 0 0 0 68 0 222 0 0 0 0 106 0 0 0 0 0 0 0 119 0 778 0 427 0 0 679 759 0 848 0 0 94 0 0 0 79 103 175 0 0 0 104 553 0 441 0 922 0 462 673 289 0 0 671 0 0 282 0 575 0
0 0 0 75 0 418 854 0 445 0 0 0 0 0 0 0 0 0 0 211 0 0 0 659 0 195 0 0 986 442 724 0 0 215 919 812 0 817 0 978 500 0 344 0 0 222 298 0 567 971 106 0 0 873 905 779 0 122 119 0 0 904 427 0 469 679 0 0 0 312 0 0 0 903 796 0 0 175 0 736 119 104 553 291 441 0 0 733 0 0 0 664 376 0 413 712 0 739 575 0
166 799 0 75 0 418 854 331 0 414 0 928 0 281 730 218 940 0 0 0 319 123 585 659 0 0 0 0 0 0 724 0 631 0 0 0 0 817 418 0 0 499 0 0 907 0 0 0 0 0 0 544 915 873 0 0 0 122 119 0 778 904 427 810 469 679 0 0 848 0 0 94 0 0 796 79 103 175 529 0 119 104 553 291 0 119 0 0 0 0 289 664 0 0 0 0 0 739 0 0
166 799 143 75 30 0 854 331 0 414 352 928 930 281 0 218 0 65 0 0 0 123 0 0 0 0 817 0 986 0 724 0 631 215 0 0 0 0 418 978 0 499 344 68 907 222 298 0 0 971 0 544 0 0 905 0 0 0 119 0 0 904 427 0 0 679 0 0 0 312 0 0 0 0 796 0 103 0 529 0 0 104 553 0 0 0 0 733 0 0 289 0 376 671 413 712 282 0 575 0
0 799 143 0 0 0 0 0 445 414 352 928 0 0 730 218 940 65 989 0 0 123 585 659 996 195 817 620 0 0 0 0 0 215 0 812 856 0 418 0 0 499 0 0 0 222 298 659 567 0 0 0 0 873 905 0 168 122 0 0 778 904 427 810 0 679 759 684 0 312 184 0 0 0 796 0 103 0 0 736 0 0 0 0 0 119 0 0 0 0 289 664 0 0 413 712 282 739 0 0
166 0 0 0 0 418 854 331 0 0 0 0 0 0 0 0 0 65 989 211 319 123 0 659 0 195 817 0 0 0 724 77 0 215 919 812 856 817 418 978 500 499 0 68 0 0 298 659 567 0 0 0 0 873 0 0 0 122 119 433 778 904 427 810 469 0 759 0 848 312 184 0 0 0 796 79 103 0 529 736 0 0 0 291 0 119 0 733 0 673 0 664 0 0 413 0 282 0 0 0
166 799 0 75 30 0 854 331 0 414 0 0 930 281 730 218 0 65 989 211 319 123 585 659 996 0 817 0 0 0 0 77 0 215 0 812 856 0 418 978 0 0 0 68 0 222 298 0 567 971 0 0 0 873 905 779 168 122 0 433 0 0 427 810 469 0 0 0 0 0 0 0 0 903 0 79 0 0 0 736 119 104 553 291 441 0 922 733 462 0 0 0 0 671 0 712 0 0 575 25
166 799 143 0 30 0 0 331 0 0 0 0 930 0 0 218 0 65 0 0 0 0 0 659 996 0 0 0 986 442 0 0 631 0 0 812 856 817 0 0 500 499 344 0 0 222 0 0 567 0 0 0 0 0 905 779 168 122 119 0 778 0 0 810 469 0 759 0 0 312 184 94 16 0 0 0 0 175 529 736 0 0 0 291 441 0 0 733 462 673 0 664 0 0 0 712 0 0 0 0
0 799 143 0 0 0 854 331 0 414 352 0 0 281 0 218 940 0 989 0 319 0 585 659 0 0 0 0 986 442 0 0 631 215 919 0 0 0 0 978 0 0 0 0 0 222 298 0 0 971 0 0 915 873 0 779 0 122 0 433 0 904 0 810 469 679 0 684 848 0 0 0 16 903 0 79 103 175 0 736 119 0 0 291 441 119 0 0 462 0 289 0 0 0 413 0 0 739 575 0
0 0 0 0 0 0 854 0 445 0 0 0 0 281 0 218 940 65 989 0 0 123 0 0 0 195 0 0 0 0 0 0 631 0 919 0 0 817 418 0 0 499 0 68 0 222 0 659 0 971 0 0 0 0 905 779 168 0 119 0 0 904 427 810 469 679 0 0 0 312 0 94 16 0 796 0 103 0 529 0 0 0 553 291 0 119 0 733 0 673 0 0 376 0 0 0 282 0 575 0
0 799 143 0 30 0 0 331 0 0 0 928 930 281 730 218 0 65 0 211 0 0 0 0 996 195 817 620 0 442 0 0 631 215 919 0 0 817 418 0 0 499 344 0 907 222 0 0 567 971 106 0 915 873 905 779 0 122 119 433 778 904 427 0 469 679 759 684 848 0 0 0 16 903 0 79 103 175 529 0 0 104 553 0 0 119 922 0 0 673 289 0 376 671 0 712 282 739 0 25
166 799 0 75 30 0 0 0 445 0 352 928 930 281 730 218 0 0 0 0 0 123 0 0 0 195 817 620 0 0 0 77 0 215 0 0 856 0 418 978 0 499 0 0 907 222 0 659 567 0 106 544 915 0 905 0 168 122 119 433 0 904 427 810 469 679 0 684 0 312 0 0 16 0 0 79 0 175 529 0 119 104 0 0 441 119 922 733 0 0 289 664 376 0 413 0 282 739 575 0
166 0 143 75 30 418 854 0 445 414 0 0 0 281 730 0 0 0 989 0 319 123 585 0 0 0 817 0 986 0 724 77 0 215 919 0 856 0 418 978 500 499 0 68 907 0 298 0 0 971 0 544 915 0 905 0 0 0 119 0 778 904 427 810 0 679 759 0 848 0 0 0 16 903 796 0 0 175 0 0 119 104 0 0 0 119 0 733 0 673 0 664 0 0 413 712 0 739 0 25
166 799 143 75 0 0 0 331 445 0 352 928 0 281 730 218 940 0 0 211 0 0 0 0 0 195 817 0 986 442 0 77 631 0 0 812 0 817 0 0 0 0 0 0 0 0 298 0 0 971 106 544 0 0 0 779 168 122 119 433 0 904 0 0 469 679 759 0 848 0 0 0 0 903 796 0 0 175 0 0 0 104 0 291 441 0 0 0 0 0 0 664 376 0 413 712 282 739 575 0
166 799 143 0 30 418 854 0 445 0 0 928 0 0 730 218 940 0 0 211 319 0 0 0 996 195 817 620 0 442 0 0 0 215 919 812 856 0 0 0 500 499 344 0 0 222 0 659 567 971 0 544 915 0 905 0 168 122 119 433 0 0 0 0 469 0 0 684 848 312 0 94 0 903 0 79 103 0 0 736 119 0 0 291 441 119 0 733 462 673 289 664 376 671 413 712 0 0 0 0
0 799 143 75 30 418 854 331 445 0 0 0 930 281 730 218 0 0 989 211 319 0 0 0 0 195 0 0 986 0 724 77 0 0 919 812 856 817 418 978 0 499 344 68 0 222 0 0 0 0 0 0 915 0 0 0 0 0 119 433 0 0 0 810 0 0 759 0 848 0 0 0 0 903 0 0 103 0 0 736 0 0 553 0 441 0 0 733 0 0 0 0 376 671 0 712 282 0 575 0
0 799 0 75 0 418 854 331 0 0 352 0 0 0 0 218 0 0 0 211 319 0 585 0 996 195 0 620 0 0 0 0 0 0 919 0 0 817 0 0 0 499 344 68 0 222 0 0 0 971 106 544 915 0 0 0 0 122 0 0 0 904 0 810 469 679 0 0 0 0 184 0 16 903 796 79 0 0 0 736 0 104 0 291 0 119 0 0 462 673 0 0 0 0 413 712 282 0 575 0
0 799 143 75 0 418 854 331 445 414 0 928 0 0 0 218 940 0 0 211 0 123 0 659 996 195 0 0 0 0 724 77 631 215 919 0 856 817 418 978 0 0 0 68 907 0 298 0 567 971 0 544 0 0 905 779 0 0 0 0 778 0 0 0 0 679 0 0 0 0 0 0 0 0 0 0 0 175 0 736 119 104 553 291 0 119 922 0 462 673 0 0 376 0 0 712 0 0 0 0
166 799 143 75 30 418 854 331 0 414 352 928 0 281 0 218 0 65 0 211 0 0 585 0 0 195 817 620 986 442 724 77 0 215 0 812 0 0 418 0 500 0 0 68 0 0 0 0 567 0 106 0 915 873 0 0 168 0 119 433 0 0 0 810 469 679 0 684 0 0 184 94 0 903 0 0 0 175 529 0 0 0 553 291 0 0 0 0 462 0 0 0 376 0 413 712 282 0 0 0
0 799 0 0 0 418 0 331 0 414 352 0 0 0 0 0 940 0 989 211 319 0 0 659 996 0 0 620 0 442 0 77 631 215 0 812 856 817 0 0 500 0 344 68 0 0 0 659 567 0 0 0 915 873 905 0 168 0 0 0 778 904 427 810 0 0 0 684 848 312 0 0 0 903 796 0 103 0 529 0 119 104 553 0 441 119 922 0 0 0 0 664 376 0 413 0 282 739 575 25
0 0 143 0 0 0 854 331 445 0 352 0 0 281 730 0 0 0 0 211 319 0 0 0 0 195 0 620 0 0 724 77 0 215 919 0 856 0 418 0 500 499 0 0 907 0 298 659 0 971 106 0 0 0 0 0 0 0 0 433 778 904 0 810 469 0 759 684 0 0 0 0 0 903 0 79 103 0 529 736 0 104 553 291 0 119 922 0 462 673 0 0 376 671 413 0 282 739 575 25
166 799 0 0 30 418 0 0 445 0 0 0 0 0 0 0 940 65 0 0 0 123 0 0 996 195 817 620 986 442 0 0 0 215 919 812 856 0 418 978 500 499 344 68 907 0 0 659 567 0 0 0 915 0 905 779 168 0 0 0 778 0 427 810 0 0 0 0 0 0 184 94 0 903 796 79 103 175 0 736 119 0 0 0 0 0 0 733 0 0 0 0 0 671 413 712 0 739 575 25
166 0 0 0 30 0 0 331 0 414 352 0 0 281 730 218 0 0 0 211 319 0 0 0 996 0 0 0 0 442 0 77 0 0 919 0 856 0 418 0 500 499 344 68 0 0 298 659 0 0 0 0 915 873 905 0 0 122 119 433 0 904 427 810 0 0 0 684 848 0 0 0 16 903 796 0 0 0 529 0 119 0 0 291 441 119 0 0 0 0 0 0 0 671 413 712 0 0 575 25
0 0 143 0 30 418 0 331 445 0 0 928 930 0 0 218 0 65 0 0 319 0 0 659 996 0 0 620 0 442 724 77 631 0 0 812 856 817 418 978 0 0 344 68 0 0 0 0 0 971 106 544 915 873 0 0 0 0 0 433 778 904 427 810 469 0 759 0 0 312 0 0 0 0 0 0 103 175 529 0 119 104 553 291 441 0 0 0 0 0 0 0 376 671 413 712 282 0 0 0
166 0 143 0 30 0 854 331 0 414 0 0 0 281 0 218 940 65 989 0 0 123 585 0 996 0 817 0 986 442 724 0 0 215 0 0 856 817 0 0 500 0 344 68 0 0 298 0 567 0 0 0 0 0 0 779 168 0 119 0 0 0 0 810 469 0 759 684 0 0 184 94 0 903 796 79 0 175 529 0 119 104 553 0 441 119 0 0 0 0 289 0 376 671 0 712 0 0 575 0
0 799 143 75 0 0 854 331 445 0 0 0 0 0 730 218 940 0 0 0 319 0 585 0 0 195 0 0 986 442 0 77 0 215 0 812 856 817 418 0 500 0 344 68 0 0 298 0 567 0 106 544 0 0 905 0 168 0 0 433 778 904 0 0 0 0 0 0 0 312 0 0 0 0 796 0 103 0 529 0 119 0 553 0 441 0 922 0 462 673 289 664 376 671 413 0 0 739 0 25
166 0 143 75 30 418 0 0 0 414 352 928 930 281 0 218 940 65 989 0 319 0 0 659 0 0 0 0 986 0 0 77 0 215 919 0 0 817 0 0 500 499 0 0 907 222 298 659 567 0 106 544 0 0 0 779 168 0 0 433 778 0 427 810 0 679 759 684 0 312 0 0 0 0 0 0 0 0 0 0 0 104 0 0 0 119 0 733 462 673 289 664 376 0 413 0 0 739 575 0
166 799 143 75 30 0 0 0 0 414 0 0 0 0 0 218 0 0 989 211 0 123 0 0 0 195 0 620 986 442 0 0 631 0 0 0 856 0 418 0 500 0 0 0 907 0 298 0 0 971 0 544 915 873 905 779 0 122 119 433 0 904 427 810 469 679 759 684 0 0 0 0 16 0 796 79 103 175 0 0 119 0 553 291 441 119 922 733 462 0 289 0 0 0 413 712 282 739 0 25
0 799 143 0 30 0 854 0 445 0 0 0 0 281 0 0 0 65 0 211 0 0 0 0 0 0 817 620 0 442 0 0 631 0 0 812 0 817 0 978 0 499 0 0 907 222 0 0 0 0 0 544 915 873 905 779 168 0 0 0 0 904 0 810 0 0 0 0 0 0 184 94 16 903 796 79 103 175 0 736 119 104 553 0 441 119 922 733 462 0 0 664 376 0 0 712 282 739 575 0
0 799 0 0 0 0 0 0 0 414 0 0 0 281 730 0 940 65 0 0 0 123 585 0 996 195 817 0 0 442 0 0 0 215 0 812 856 817 418 0 0 0 344 0 0 0 0 659 567 0 106 0 915 0 0 0 0 0 119 0 778 904 427 810 0 679 0 684 848 312 184 0 16 903 0 79 0 175 529 0 119 104 0 0 441 119 0 0 462 0 289 0 376 671 0 712 282 0 0 0
0 0 0 75 0 0 854 0 445 414 0 928 0 281 0 218 0 0 989 211 0 123 585 0 0 0 0 0 0 0 724 77 631 0 919 812 856 817 418 0 0 499 0 0 0 0 0 659 567 0 106 0 0 873 0 779 0 0 0 0 778 0 0 0 0 679 0 684 848 0 184 0 16 903 796 0 103 175 529 736 119 0 0 0 0 0 922 0 0 673 289 0 0 671 0 0 282 739 575 25
0 0 0 75 0 418 0 331 445 414 0 928 930 281 730 0 940 0 989 0 319 0 0 0 0 0 817 0 0 0 724 77 631 215 0 0 0 817 0 0 0 499 344 0 907 0 0 0 0 0 106 544 915 0 0 0 168 122 0 433 0 904 427 810 469 0 759 684 0 0 0 0 16 903 0 79 0 0 529 736 0 0 0 291 0 0 922 0 0 673 289 664 0 0 413 712 0 739 0 25
166 0 143 0 0 418 0 0 0 414 0 0 0 281 730 0 0 0 989 211 0 0 0 0 996 195 817 0 0 442 0 77 0 0 919 812 0 0 0 978 0 0 344 68 0 0 0 659 567 971 106 544 0 873 0 779 0 122 0 0 0 904 427 0 469 679 759 0 0 312 0 94 0 903 796 79 0 175 0 736 0 0 553 0 441 119 922 0 0 0 0 664 0 0 413 712 282 739 0 0
166 0 0 75 0 0 0 0 0 414 352 928 930 0 0 218 940 0 989 0 319 123 0 0 0 195 817 0 986 442 724 77 631 0 919 812 0 0 418 0 500 499 344 0 0 0 0 659 567 0 106 0 0 0 905 779 0 0 0 433 778 904 0 0 0 0 0 684 848 312 184 94 16 903 796 0 0 0 529 736 119 104 0 291 441 0 0 733 462 673 0 0 376 671 413 0 282 0 0 25
166 799 0 75 30 418 0 331 0 0 0 0 0 281 0 218 0 65 989 0 0 0 585 659 996 195 817 620 986 442 724 77 0 215 0 812 0 0 418 0 500 499 344 68 0 222 298 0 567 0 106 544 915 873 0 0 168 0 119 433 0 904 0 0 0 0 759 684 848 312 184 0 16 0 796 0 103 0 529 0 119 0 0 291 441 119 922 0 462 673 0 664 376 671 413 712 0 739 0 25
166 799 143 75 0 0 0 331 0 0 0 928 930 281 730 0 0 0 989 0 0 0 585 659 996 0 817 0 986 0 0 77 0 215 919 812 0 0 0 0 500 499 344 68 0 0 298 0 0 0 106 0 0 873 905 779 0 122 0 0 778 904 427 810 0 0 0 684 0 0 184 0 16 903 0 0 103 175 529 736 119 0 0 0 441 119 922 733 0 673 289 664 0 0 0 0 282 0 0 0
166 0 0 75 30 0 854 0 445 414 0 0 930 281 730 0 0 0 0 211 0 123 585 659 996 195 0 0 0 442 724 77 631 0 0 812 856 817 0 978 0 499 0 68 0 0 298 659 567 0 106 544 915 873 0 779 168 122 119 0 0 0 427 810 0 0 0 0 0 0 0 0 16 0 796 79 103 0 529 0 0 104 0 0 0 0 0 733 462 0 0 0 376 0 413 712 0 739 575 0
166 799 143 75 0 0 854 331 0 0 0 0 0 281 730 218 0 0 0 0 0 0 585 659 996 195 0 0 0 0 724 77 0 0 0 812 0 0 0 0 0 0 0 0 907 222 0 659 567 971 106 0 915 873 0 0 0 122 119 0 778 904 427 810 0 679 0 684 0 0 184 0 0 0 0 0 0 0 529 736 0 104 553 291 441 119 922 0 462 0 289 664 376 0 0 0 282 0 575 0
0 799 0 75 30 418 0 331 445 0 0 0 0 281 0 218 940 65 0 211 319 0 0 659 0 195 0 0 0 442 0 0 631 215 0 0 0 817 0 0 0 0 0 0 0 0 0 0 0 0 106 544 915 873 0 779 168 122 0 433 778 0 427 0 469 679 0 684 848 312 184 94 0 903 796 79 0 0 0 0 119 104 0 0 0 0 922 733 0 0 289 664 376 0 0 712 282 0 0 25
166 0 143 0 30 418 0 0 445 414 352 928 930 0 0 0 940 0 989 211 0 123 585 0 996 0 817 620 986 442 724 0 0 215 919 812 0 817 418 0 500 499 344 68 0 222 0 0 567 971 106 544 915 873 905 779 168 0 0 433 778 904 427 0 469 0 759 0 848 0 0 0 16 903 796 0 0 0 0 0 0 0 0 0 0 119 0 0 0 0 289 664 376 671 0 0 0 739 575 0
166 799 0 75 0 418 854 0 445 414 0 0 0 281 0 0 940 0 0 0 319 0 585 659 0 0 817 0 986 0 724 77 0 215 919 0 856 0 0 0 0 499 344 68 0 222 298 659 567 0 106 0 0 873 0 779 0 0 0 0 0 904 0 0 469 679 759 684 0 312 184 0 0 903 796 0 103 0 529 736 119 104 0 291 0 119 922 0 462 673 0 664 0 0 413 712 0 739 0 25
166 799 143 0 0 0 854 0 0 414 0 0 930 0 0 218 940 65 989 0 0 123 0 659 0 195 817 0 986 0 0 0 631 215 0 0 856 817 0 0 500 0 344 68 907 0 0 659 567 0 0 0 915 873 905 779 168 122 119 0 0 0 427 810 0 679 759 0 0 0 184 94 0 903 796 0 0 175 0 736 0 104 0 291 441 0 0 0 0 0 289 664 0 671 413 712 282 0 0 25
0 0 143 0 0 418 854 0 0 414 0 0 0 0 730 218 940 65 0 0 319 123 0 659 0 0 0 0 986 442 724 0 0 215 919 0 856 817 418 0 0 499 344 0 0 0 298 659 0 971 0 0 0 873 0 0 0 0 0 0 0 904 0 810 469 679 0 684 0 312 184 0 0 0 796 0 0 175 0 736 0 0 0 0 441 119 0 733 462 673 289 664 376 0 413 0 0 0 0 25
166 799 143 75 30 418 854 331 445 0 0 0 930 281 0 0 940 0 0 0 319 123 0 659 996 195 817 0 986 442 724 0 0 215 0 0 0 817 418 978 500 0 344 0 907 0 298 0 0 971 0 544 915 0 0 0 168 0 0 433 778 0 427 810 469 679 0 684 0 0 184 94 0 0 0 0 103 175 0 736 0 0 553 0 441 119 922 0 462 673 289 664 376 0 0 712 0 0 0 25
0 0 0 0 30 418 0 331 0 414 352 928 930 0 730 218 940 65 0 211 0 0 0 659 0 0 817 620 986 0 0 77 0 215 919 0 856 817 418 978 0 499 0 68 0 0 0 0 567 971 106 544 915 873 905 0 0 122 0 0 778 904 0 0 0 679 759 684 0 0 0 0 0 0 796 79 103 175 529 0 119 104 0 291 441 0 0 733 462 673 0 0 0 671 0 712 0 0 0 25
0 799 143 0 0 418 854 331 0 0 0 0 0 281 730 0 0 65 989 0 319 0 585 0 0 195 817 0 986 442 724 77 631 0 919 0 0 0 418 978 500 0 344 68 907 0 0 659 567 0 106 0 0 873 905 0 0 122 0 433 778 0 0 810 469 0 759 0 0 312 184 0 0 0 796 0 103 0 0 0 119 0 0 0 0 0 0 733 462 673 0 0 0 671 413 712 0 739 0 0
90.43, 155.33, 3.27, 11.72, 76.09, 21.89, 15.53, 36.29, 31.61, 33.22, 10.81, 25.13, 25.15, 22.64, 46.93, 18.12, 2.5, 46.68, 61.09, 18.7, 15.05, 1.02, 47.34, 9.65, 9.03, 13.44, 14.47, 6.67, 7.53, 85.88, 0.75, 5.59, 4.67, 14.67, 0.63, 5.01, 24.61, 39.03, 13.92, 2.7, 36.66, 2.39, 39.54, 3.25, 28.83, 3.32, 15.22, 15.08, 5.72, 3.34, 18.93, 39.65, 49.51, 6.67, 16.29, 1.28, 3.43, 9.66, 4.59, 43.22, 0.39, 5.94, 6.22, 27.24, 11.65, 5.94, 21.92, 16.93, 0.15, 25.98, 31.22, 28.54, 22.16, 65.43, 0.39, 43.08, 21.74, 6.01, 11.71, 7.58, 47.9, 4.93, 15.93, 26.89, 56.32, 13.98, 23.32, 22.72, 2.47, 7.63, 2.43, 11.47, 41.91, 33.03, 57.88, 18.18, 0.87, 56.68, 21.27, 14.86,
9.14, 26.37, 8.87, 11.82, 8.52, 0.52, 23.5, 0.46, 0.97, 7.09, 2.98, 1.6, 6.24, 15.88, 4.17, 3.16, 13.91, 5.6, 2.16, 10.17, 20.2, 2.22, 12.05, 2.43, 16.57, 4.6, 5.56, 5.72, 7.75, 0.57, 34.78, 2.16, 3.63, 6.67, 18.62, 18.51, 1.18, 5.02, 1.83, 2.72, 1.59, 1.53, 4.91, 1, 15.35, 0.71, 3.79, 13.48, 1.71, 15.79, 12.2, 9.58, 2.99, 0.7, 8.44, 1.89, 5.86, 9.51, 13.04, 4.03, 3.12, 18.87, 6.47, 2.31, 7.37, 1.42, 6.45, 6.02, 21.24, 19.84, 6.06, 12.13, 10.6, 13.92, 6.49, 14.27, 10.23, 0.44, 9.92, 4.38, 17, 8.63, 6.23, 35.26, 8.35, 7.6, 21.88, 4.86, 17.41, 12.3, 7.42, 0.98, 1.04, 1.52, 25.56, 35.19, 7.75, 9.51, 21.88, 6.29,
7.0,7.0,7.0,7.0,7.0,8.0,8.0,8.0,8.0,8.0,9.0,9.0,9.0,9.0,9.0,10.0,10.0,10.0,10.0,10.0,11.0,11.0,11.0,11.0,11.0,12.0,12.0,12.0,12.0,12.0,13.0,13.0,13.0,13.0,13.0,14.0,14.0,14.0,14.0,14.0