100
449 187 427 821 51 0 843 41 792 962 661 10 466 717 0 846 747 265 746 672 173 670 930 851 781 686 0 0 129 820 717 789 19 175 599 82 708 564 0 393 673 0 109 534 104 94 640 564 306 267 633 0 52 992 0 181 329 855 185 796 0 473 649 326 0 942 246 23 967 261 654 76 0 919 868 425 781 301 290 999 987 481 0 329 237 618 0 59 982 688 0 462 127 681 0 164 896 154 259 0
0 187 427 0 51 0 843 41 792 962 661 10 466 717 0 846 747 0 746 672 173 670 930 0 0 686 592 404 129 820 0 0 19 175 599 82 708 564 284 393 673 163 109 534 0 94 640 564 306 0 633 831 52 992 0 181 329 0 185 796 859 0 649 326 467 942 246 0 0 261 654 76 969 919 868 425 781 301 0 999 987 481 763 329 237 618 341 0 982 0 0 462 127 681 21 164 896 154 259 245
449 187 427 821 51 326 843 41 0 962 661 0 466 717 0 846 747 265 746 672 0 670 930 851 781 686 592 404 129 820 0 0 0 175 599 82 708 564 284 393 0 0 109 534 104 94 640 564 306 267 633 0 52 992 23 181 329 855 185 796 859 473 649 0 467 942 246 0 967 0 0 0 969 919 868 425 781 0 0 999 987 0 0 329 237 618 341 59 982 688 862 462 127 681 21 0 896 154 259 0
449 187 427 821 51 326 843 0 792 962 661 10 466 717 29 846 747 265 746 672 0 670 930 851 781 686 592 404 129 820 717 789 19 175 599 82 708 564 284 393 673 163 109 534 104 94 640 564 306 0 633 831 52 992 23 181 329 855 0 796 859 473 0 326 467 942 246 23 967 261 654 76 969 919 0 425 0 301 290 999 987 0 0 329 237 618 0 59 982 0 862 462 127 681 21 0 896 154 259 245
449 187 0 821 51 326 843 41 792 962 661 10 466 717 29 846 747 265 746 672 173 670 930 851 0 686 592 404 0 820 717 789 19 175 599 82 708 564 284 393 673 0 109 534 104 94 0 564 306 0 633 831 52 0 23 181 329 855 185 796 859 473 649 326 0 942 246 23 967 261 654 76 0 0 868 425 781 301 290 999 987 481 763 329 237 618 341 59 982 688 862 462 127 681 21 164 896 154 259 245
449 187 427 821 51 326 843 41 792 962 661 10 466 717 0 846 747 0 746 672 173 670 0 851 781 686 0 404 129 820 717 789 19 175 599 82 708 564 284 0 673 163 109 0 104 94 640 0 306 267 633 831 0 992 23 181 0 855 185 796 859 473 649 326 467 0 0 23 967 261 654 76 969 919 868 425 781 301 0 999 987 481 763 329 237 0 341 59 982 688 862 462 127 681 21 164 896 154 259 245
0 187 427 821 51 0 843 41 792 0 661 10 466 717 29 0 747 265 746 672 173 670 930 851 781 686 592 404 129 820 0 789 19 175 599 0 708 0 284 0 673 163 109 534 104 94 0 564 306 0 633 831 52 992 23 181 329 855 185 796 859 473 649 326 467 942 246 23 967 0 654 0 969 919 868 425 781 301 290 999 987 481 763 329 0 618 341 59 982 688 862 462 127 0 21 164 896 154 0 245
449 187 427 821 51 326 843 41 792 962 661 10 466 717 0 846 747 265 0 672 173 670 930 0 0 686 592 404 129 820 717 789 19 175 599 82 708 564 284 393 673 163 109 534 104 94 640 564 306 267 633 831 52 992 23 181 329 855 185 796 859 473 649 326 0 942 246 23 967 261 0 76 0 919 868 425 781 301 290 0 987 481 763 329 237 618 341 59 982 688 862 462 127 681 21 164 896 0 259 245
0 187 427 821 51 326 0 41 792 962 661 10 466 0 29 846 0 0 0 672 173 670 0 851 781 686 592 404 129 820 717 789 0 175 599 82 708 564 284 393 673 163 0 534 104 94 0 564 0 0 633 831 52 992 23 181 329 855 185 796 859 473 649 326 0 0 0 23 967 261 654 0 969 919 868 425 0 301 290 999 987 481 763 329 0 618 341 59 982 688 862 462 127 681 21 164 896 154 259 245
449 187 427 0 51 326 843 41 792 962 661 10 466 717 0 0 747 265 746 672 173 670 930 851 781 686 592 404 0 820 717 789 19 175 0 82 0 564 284 393 673 163 109 534 104 94 640 564 306 267 633 831 52 992 23 181 329 855 185 796 859 473 649 326 467 0 246 23 967 261 654 76 969 919 868 425 781 301 290 0 987 0 763 329 237 0 341 59 982 0 0 462 127 0 21 164 896 154 259 245
449 0 427 821 51 326 843 0 0 0 661 10 466 717 0 846 747 265 746 672 173 670 0 851 781 686 592 404 0 820 717 0 19 175 599 82 0 564 284 393 673 163 0 0 104 94 640 564 306 267 633 0 52 992 23 181 0 855 185 796 0 473 649 326 467 942 246 23 967 261 654 76 0 919 868 425 781 0 290 999 987 481 763 329 237 0 341 0 982 0 862 462 127 681 21 164 896 154 259 245
449 187 427 821 51 326 843 41 792 962 661 0 466 717 29 846 747 265 746 0 173 670 930 851 781 0 592 404 129 820 717 789 19 0 0 82 708 564 284 393 673 163 109 534 104 94 640 564 306 267 633 831 0 992 0 0 329 855 185 796 859 473 0 0 467 942 246 23 967 0 654 76 969 0 868 425 781 301 290 999 987 481 763 329 237 618 341 0 982 688 862 462 127 681 21 0 896 154 259 245
449 0 427 821 51 326 843 0 792 0 661 10 466 717 29 0 0 0 746 672 173 670 930 851 781 686 592 0 129 820 717 789 19 0 599 0 708 564 284 0 673 163 109 534 104 94 640 0 306 267 633 831 52 992 23 181 329 855 185 796 0 473 0 326 467 942 0 23 967 0 0 0 969 919 0 425 781 301 290 999 987 481 763 329 237 618 341 0 982 688 862 462 127 681 21 164 896 154 259 0
449 187 427 821 51 326 843 41 0 962 661 10 466 717 29 846 747 265 746 672 173 670 930 851 781 686 592 404 0 820 0 789 19 175 0 0 708 564 284 393 673 163 0 534 104 94 640 0 306 0 633 0 52 0 23 0 329 855 185 796 859 0 0 326 467 942 246 0 967 261 654 76 969 919 868 425 781 301 290 999 987 481 763 329 237 618 341 59 982 0 862 462 127 0 21 164 896 0 259 245
449 187 427 821 51 0 843 0 792 962 661 10 466 717 29 846 747 265 746 672 173 0 930 851 781 686 592 404 129 0 717 0 19 175 599 82 708 564 284 393 673 163 109 534 104 94 640 564 0 267 0 0 52 992 23 0 329 855 185 796 0 473 649 326 467 942 0 23 967 261 0 76 969 919 868 425 781 301 290 999 987 481 763 329 237 618 341 0 982 688 0 462 127 681 0 0 896 154 259 245
449 187 427 821 51 326 843 41 792 962 661 10 0 717 29 846 747 265 746 672 173 0 930 851 781 686 0 404 129 820 717 0 19 175 599 82 708 564 284 393 673 163 109 534 104 94 640 564 306 267 633 831 52 992 23 181 0 0 0 796 859 0 649 326 467 942 0 23 967 0 654 76 969 919 868 425 781 301 290 999 987 481 763 0 237 0 341 59 0 688 862 462 127 681 21 164 896 154 259 245
449 187 427 821 51 0 843 41 792 962 661 10 466 717 29 846 747 265 746 0 173 670 930 851 781 686 592 0 129 0 717 789 0 0 599 82 708 564 284 393 673 0 0 534 104 94 640 564 306 267 633 0 52 992 0 181 329 0 185 796 859 473 649 326 467 942 246 0 967 261 0 76 969 0 0 425 781 301 290 999 987 481 763 329 237 618 341 59 982 688 862 462 127 681 0 164 896 154 259 245
449 187 427 821 51 326 843 41 792 962 661 0 466 717 29 846 747 265 746 672 173 670 930 851 0 686 592 0 0 0 717 789 19 175 599 82 708 564 284 393 673 163 109 0 104 94 640 564 306 267 633 831 52 992 23 0 329 855 185 796 859 473 649 326 467 942 246 23 967 261 654 0 969 919 868 0 781 301 0 999 987 481 763 329 237 618 341 0 982 688 862 462 127 681 21 164 896 154 259 245
449 187 427 0 51 326 843 41 792 962 661 10 466 717 29 846 747 265 746 672 173 670 930 851 781 686 592 0 129 820 717 789 0 175 599 82 708 564 284 393 673 0 109 534 104 94 0 564 306 267 633 831 52 992 0 181 329 855 185 796 859 473 649 326 467 942 246 23 967 261 654 0 969 919 868 425 781 301 290 999 987 481 763 329 237 618 341 59 982 688 862 462 127 681 0 0 0 154 259 245
449 187 427 821 51 326 843 41 792 0 661 10 0 0 29 846 747 265 746 672 173 670 930 851 781 0 592 404 0 820 717 789 19 175 599 82 708 564 284 393 673 163 109 534 104 94 640 564 306 267 633 0 52 992 0 181 329 855 185 796 859 0 649 0 467 942 246 23 967 261 654 0 969 919 0 425 781 301 290 0 987 0 763 329 237 0 341 59 982 688 862 462 127 681 21 164 896 154 259 245
0 187 427 821 51 0 843 0 792 0 661 10 466 717 29 846 747 265 746 672 173 670 930 851 781 686 592 404 0 820 717 789 0 175 0 82 708 564 284 0 673 163 0 534 104 0 640 564 306 0 0 831 52 992 23 181 329 855 185 796 0 473 649 326 467 942 246 23 967 261 654 76 969 919 868 425 781 301 290 999 987 481 763 329 237 618 341 59 982 688 862 462 127 0 21 164 896 0 259 245
449 187 0 821 51 0 843 41 792 962 661 0 466 717 0 846 0 265 746 672 173 670 930 851 0 686 592 0 0 820 717 789 19 175 599 82 708 0 284 393 673 163 109 534 104 94 640 564 306 267 633 831 52 992 23 181 0 855 185 796 859 473 649 326 467 942 246 23 967 261 654 76 0 0 868 425 0 301 0 0 987 481 763 329 237 618 341 59 982 688 862 462 127 681 21 164 896 154 259 245
449 187 427 0 51 0 843 41 0 962 661 10 466 717 29 846 747 265 746 672 173 670 930 851 781 686 592 0 129 820 717 789 19 175 599 82 708 564 284 393 673 163 109 534 104 94 640 564 306 267 633 831 52 992 23 181 329 855 185 796 859 473 649 326 467 942 246 23 967 261 654 76 969 0 868 425 781 301 0 0 987 481 763 329 237 618 341 59 982 688 862 462 127 681 21 164 896 0 259 0
449 187 0 821 51 326 843 41 792 962 661 10 466 717 0 846 747 0 746 672 173 670 930 851 781 686 592 404 129 820 717 789 0 175 599 82 708 564 0 393 673 163 0 0 104 94 640 564 306 267 633 831 52 992 23 181 329 855 185 796 859 473 649 326 467 0 246 23 0 261 654 76 969 919 868 425 781 301 290 999 987 481 0 329 237 618 341 0 982 688 862 462 0 681 21 164 896 154 259 245
449 0 427 821 51 326 843 0 792 962 661 10 0 717 29 846 747 265 746 672 173 670 930 0 781 686 592 404 0 820 717 789 19 175 599 82 708 564 284 393 673 163 109 534 104 0 640 564 0 267 633 831 52 992 23 181 329 855 185 796 859 0 649 326 467 942 246 23 0 261 654 76 969 919 868 425 781 301 290 999 987 481 763 0 237 618 341 0 982 688 862 462 127 681 21 164 896 154 259 245
449 187 427 821 51 0 843 41 792 962 0 10 466 0 29 846 747 265 746 672 173 670 930 0 781 686 592 404 129 820 717 789 19 175 599 82 0 564 0 393 673 163 109 534 0 94 0 564 306 267 633 831 0 992 23 0 329 855 185 796 859 473 649 326 467 942 246 23 967 0 654 76 969 0 868 425 781 301 290 999 987 481 0 329 0 618 341 0 982 0 862 462 127 681 0 164 896 154 259 245
449 187 427 821 0 326 843 41 792 962 661 10 466 717 29 846 747 265 746 0 173 670 930 851 0 686 0 404 129 820 0 789 19 175 599 82 708 564 0 393 673 163 0 0 0 94 640 564 306 267 633 831 52 992 23 181 329 855 185 0 859 473 0 326 467 942 246 23 967 261 654 76 969 919 868 425 781 301 0 0 987 481 763 329 237 618 341 59 982 688 862 462 127 681 0 164 896 154 259 245
449 187 427 821 51 326 0 41 0 962 661 10 466 717 0 846 747 265 746 672 173 670 930 851 781 686 592 0 0 820 0 789 19 175 599 82 708 564 284 393 673 163 109 534 104 0 0 564 306 267 633 831 52 992 23 0 329 0 185 796 859 473 649 326 467 0 246 23 967 0 654 76 0 919 868 0 781 301 290 999 987 481 763 329 237 0 341 59 982 688 862 462 127 0 21 0 896 154 259 245
449 0 0 821 51 0 0 41 792 962 661 10 466 717 29 846 0 265 746 672 0 670 930 851 781 686 592 0 129 820 717 0 19 175 599 82 708 564 284 393 673 163 0 534 104 94 640 564 306 267 0 831 52 0 23 181 329 855 185 796 0 473 0 326 0 942 246 23 967 261 0 76 969 919 868 425 0 301 0 999 987 481 763 0 237 618 341 0 982 688 862 462 127 681 21 164 896 154 259 245
449 187 427 821 51 326 843 41 792 962 661 10 466 717 0 846 747 265 0 672 173 670 930 851 0 0 592 404 0 0 717 789 19 175 599 82 708 564 0 0 673 163 109 534 104 94 640 564 306 267 633 831 0 992 23 181 329 855 185 796 859 0 649 0 467 942 246 23 0 261 654 76 969 0 0 425 781 301 290 0 987 481 763 0 237 618 341 59 982 688 0 462 127 681 21 164 896 154 259 245
449 187 0 821 51 326 843 41 792 962 661 10 466 717 29 846 0 0 746 0 0 670 0 851 781 686 592 0 129 820 717 789 19 175 599 82 708 564 0 393 673 163 0 0 104 94 640 564 306 0 633 831 52 992 23 0 329 855 185 796 859 473 649 326 467 942 246 0 0 261 654 0 969 919 868 425 781 301 290 0 987 481 763 329 237 618 341 59 982 688 862 462 127 681 0 164 896 154 259 245
449 187 427 821 0 326 843 41 792 962 661 0 466 0 29 846 0 265 746 672 173 670 930 851 0 0 592 404 129 820 717 789 0 175 599 82 708 0 284 0 673 163 109 534 104 94 640 564 306 267 633 831 52 992 23 181 0 855 185 796 859 473 649 326 467 0 246 23 967 261 654 0 0 919 0 425 0 0 290 999 0 481 763 329 237 618 341 0 982 0 862 462 0 681 21 164 896 154 259 0
449 187 427 821 51 326 843 41 792 962 661 10 466 717 29 846 747 265 746 672 0 670 930 851 781 686 592 404 129 820 0 789 19 175 599 0 708 564 284 393 673 163 109 534 104 94 640 564 306 267 633 831 52 992 23 181 329 0 185 796 859 473 0 326 467 942 246 23 967 261 654 76 969 919 868 425 0 301 290 999 987 481 763 329 237 618 341 59 982 0 862 462 127 681 21 164 896 154 259 245
449 187 427 821 51 326 0 0 792 962 661 10 466 717 29 846 747 265 746 672 173 0 930 851 781 686 0 404 129 820 0 789 19 175 599 82 708 564 284 393 673 163 109 534 104 94 640 0 0 267 633 831 52 992 23 181 329 0 185 796 859 473 649 326 467 942 246 0 967 261 654 0 969 919 868 425 0 301 290 999 987 481 763 329 237 618 341 59 982 688 862 462 0 0 21 164 896 154 259 245
449 187 427 821 51 326 0 41 792 962 661 0 466 717 29 846 747 265 0 672 173 670 930 851 0 686 0 0 0 820 717 789 19 175 599 82 708 564 284 393 673 163 0 534 104 94 640 564 306 267 633 831 52 992 23 181 329 855 185 796 859 473 649 326 467 942 246 0 967 261 654 0 969 919 868 425 781 301 290 999 987 481 763 329 237 618 0 59 982 688 862 462 127 681 21 164 896 154 259 245
449 0 427 821 51 326 0 41 792 962 661 10 466 717 29 846 747 265 0 672 173 0 930 851 781 686 592 404 129 820 717 789 19 175 599 0 708 564 284 0 673 163 109 534 104 94 640 564 306 0 633 831 0 992 23 181 329 855 185 796 859 473 649 326 467 942 246 23 967 0 0 0 969 919 868 0 0 301 290 999 987 0 763 329 237 618 0 59 982 0 0 462 127 681 0 0 896 154 259 245
0 187 427 821 51 0 843 41 792 962 661 10 0 717 29 846 747 265 746 672 173 0 930 851 781 686 592 404 0 820 717 789 19 175 599 82 708 564 284 393 673 0 109 534 0 0 640 0 306 267 633 831 52 992 23 181 0 855 0 796 859 473 649 326 467 942 246 23 967 261 654 0 969 919 0 425 781 301 290 0 987 481 763 329 237 618 341 0 982 688 862 462 0 681 0 164 896 154 259 245
449 187 427 821 51 326 843 41 792 962 661 10 466 717 0 846 747 265 0 672 173 670 930 851 0 686 592 404 129 820 0 789 19 175 599 82 708 564 284 393 673 163 0 534 104 94 0 564 306 0 633 831 52 992 0 0 329 855 0 0 0 473 649 326 467 942 246 23 967 261 654 76 969 919 868 425 781 301 290 999 987 481 763 329 237 618 341 59 982 688 862 462 127 681 21 0 896 154 0 245
449 187 0 821 51 326 843 41 792 962 0 10 466 717 29 0 747 265 0 672 173 0 930 851 781 686 592 404 129 820 717 789 19 175 599 82 708 564 284 393 673 163 109 534 0 94 640 0 306 267 633 831 52 992 23 181 329 855 185 796 859 473 649 326 467 942 246 23 967 0 654 0 969 919 868 425 0 301 290 999 987 481 763 329 237 618 341 59 982 688 862 462 127 0 21 164 896 154 259 0
449 187 0 821 51 326 843 0 792 962 661 10 466 717 0 846 747 0 746 672 173 670 930 851 0 686 592 404 129 820 717 0 19 0 599 82 708 564 284 393 673 163 109 534 104 94 640 564 0 267 633 831 52 992 23 181 329 0 185 796 0 473 649 326 0 942 246 23 967 261 654 76 969 919 868 0 781 301 290 0 987 481 0 329 237 618 341 59 982 688 862 462 0 681 21 164 896 154 0 245
449 187 427 821 51 326 843 41 0 962 661 0 466 717 29 846 747 265 746 672 173 670 930 851 781 686 592 404 129 820 0 789 19 175 599 82 708 0 284 393 673 0 109 534 104 0 640 564 306 0 0 831 52 992 23 0 329 0 185 796 859 473 649 326 467 0 246 0 0 261 654 76 969 919 868 0 781 301 290 0 987 481 763 329 237 618 341 59 982 688 862 462 127 681 21 164 896 154 0 245
0 0 427 821 51 326 843 41 792 962 0 10 466 717 29 846 0 265 746 672 0 670 930 851 781 0 592 404 129 820 0 789 19 175 0 82 708 564 284 393 673 163 109 534 104 94 640 564 306 267 633 0 0 992 23 181 329 855 0 796 859 473 649 326 467 942 246 23 967 261 654 0 969 919 868 425 781 0 290 0 987 481 763 329 237 618 341 59 982 688 862 462 0 681 21 164 896 154 259 245
449 187 427 821 51 326 0 41 792 962 0 10 466 0 29 0 747 265 746 672 173 670 930 851 781 686 592 404 129 0 0 789 19 175 599 82 708 564 284 393 673 163 109 534 104 0 640 564 306 267 633 831 52 992 23 181 329 855 0 796 859 473 649 326 467 942 246 23 967 261 654 76 969 919 868 0 781 0 290 999 987 481 763 329 0 618 341 59 0 0 862 462 127 681 21 164 896 154 259 245
449 187 0 821 51 326 0 41 792 962 0 10 0 717 29 846 747 265 746 672 173 670 930 851 781 686 0 404 0 820 717 789 19 175 599 0 708 0 284 393 673 163 0 534 104 94 640 564 306 267 0 831 52 992 23 0 329 0 0 796 859 473 649 326 467 942 246 23 967 261 654 0 969 919 868 425 781 301 290 999 0 481 763 329 237 618 341 59 982 688 862 462 127 681 21 164 896 154 259 245
449 187 427 0 51 326 0 41 792 962 661 10 466 717 29 846 0 265 746 672 173 670 930 851 781 686 592 404 129 820 717 0 19 175 599 82 708 564 284 393 673 163 109 534 104 94 640 564 306 267 633 831 52 992 23 181 329 855 185 0 859 473 649 0 467 942 246 23 967 261 654 76 969 919 868 425 781 0 290 999 987 481 763 329 237 618 0 59 982 688 862 462 0 681 21 0 0 154 259 245
449 187 427 821 51 326 0 0 792 962 0 10 466 0 0 846 747 265 746 672 0 670 930 851 781 686 592 404 129 820 717 789 19 0 0 0 708 564 284 393 673 163 0 0 104 94 0 0 306 267 633 831 52 992 23 181 329 0 185 796 859 473 649 326 467 942 246 23 967 261 654 76 969 919 868 425 781 301 290 0 987 481 0 0 237 618 341 59 982 688 862 0 127 681 21 164 896 154 259 245
449 187 427 821 51 326 843 41 792 0 0 0 0 0 29 846 0 265 746 672 173 670 930 851 781 686 592 404 129 820 717 789 19 175 599 82 708 0 284 0 673 163 109 534 104 94 0 564 306 0 633 831 52 992 23 181 329 855 185 796 859 473 649 326 467 942 246 23 967 261 0 76 0 919 868 0 0 301 290 0 987 481 0 329 237 618 341 59 982 688 0 462 127 681 21 164 896 154 259 0
449 0 427 821 51 326 843 41 792 962 661 10 466 717 0 846 747 265 746 672 0 670 930 851 781 686 592 404 129 820 717 789 19 175 599 82 708 0 284 393 673 163 109 534 104 94 640 564 0 267 0 831 52 992 23 181 329 855 185 796 859 473 649 0 467 942 246 23 967 261 654 76 969 0 868 0 781 301 290 999 987 481 763 329 0 618 341 59 0 688 862 462 127 681 21 164 896 154 259 245
0 187 427 821 51 326 0 41 792 962 661 10 466 717 29 846 0 265 0 672 173 0 930 851 781 686 0 404 129 820 717 789 19 175 0 82 708 564 284 0 0 0 109 534 104 94 640 564 306 267 633 831 52 0 23 181 329 855 185 796 859 473 649 326 467 942 246 23 967 261 654 76 969 919 868 425 781 301 290 999 987 481 763 329 237 0 341 59 982 688 862 0 127 681 21 0 896 154 259 245
449 187 427 821 51 326 843 41 792 962 661 0 466 0 29 846 747 265 746 672 173 0 0 851 781 686 592 404 129 820 717 789 19 175 599 82 708 0 284 393 673 163 109 534 104 94 640 564 306 267 633 0 52 992 23 181 329 0 0 0 0 473 649 0 467 942 246 23 967 261 654 0 969 919 868 425 781 301 290 999 987 481 763 329 237 0 341 59 982 0 862 462 0 681 21 164 896 154 0 245
449 187 427 821 51 326 843 41 0 962 661 10 466 717 29 846 747 0 746 672 173 670 930 851 781 686 592 404 129 820 717 789 19 175 599 82 708 564 0 393 673 163 109 534 0 0 640 564 306 267 633 831 52 992 0 181 329 855 185 796 859 473 649 326 467 0 246 23 967 261 654 76 969 919 868 0 0 0 290 999 987 0 763 329 0 618 341 59 982 688 862 462 127 681 0 164 0 154 0 245
449 187 427 821 0 326 843 41 792 962 661 10 466 717 29 846 747 265 0 672 0 670 930 851 781 686 0 404 129 820 717 789 0 175 0 82 708 564 0 393 673 163 109 534 104 94 640 564 306 267 633 0 52 992 23 181 329 855 185 0 859 473 649 326 467 942 246 23 967 261 654 0 969 919 868 425 781 301 290 999 987 481 763 329 237 618 0 59 982 688 862 462 0 681 21 0 896 154 259 245
449 187 427 821 51 326 843 41 0 962 661 10 466 717 0 846 0 265 746 672 173 670 0 0 781 686 0 404 0 820 717 789 19 175 599 82 708 564 0 393 673 0 109 534 104 94 640 0 306 267 633 831 52 992 23 181 329 855 0 796 859 473 649 326 467 942 246 23 967 261 654 0 969 0 868 425 781 301 290 0 987 481 763 0 237 618 341 59 982 688 862 462 127 681 21 164 0 154 0 245
449 187 427 821 51 326 843 41 792 962 661 0 466 717 29 846 747 265 746 672 0 670 930 851 781 686 592 404 129 820 717 789 19 0 599 82 708 564 284 0 673 163 109 0 0 94 640 564 306 267 633 0 52 0 23 0 329 855 185 0 859 0 649 326 467 942 0 23 967 261 0 76 969 0 868 425 781 301 290 999 987 481 763 329 237 618 341 59 982 688 862 462 127 681 21 0 896 154 259 245
449 187 0 0 51 326 843 41 792 962 661 0 466 717 29 846 747 0 746 672 173 670 930 851 0 686 592 404 129 0 717 789 0 175 599 82 708 564 284 393 673 163 109 534 104 0 0 564 306 267 633 831 0 0 23 181 329 855 185 796 859 473 649 326 467 942 246 23 967 261 654 76 969 919 868 425 781 301 290 999 987 481 763 329 0 618 341 59 982 688 862 462 127 681 21 0 896 154 0 245
449 187 427 821 51 326 843 0 792 962 661 10 466 717 29 846 747 265 746 672 173 670 930 0 781 686 592 404 129 820 0 789 19 175 599 82 708 564 284 393 673 0 109 534 104 94 640 564 306 267 633 831 52 992 23 181 329 855 185 796 859 473 649 0 467 942 0 23 967 261 654 76 969 919 868 0 781 301 290 999 987 481 763 329 237 618 0 59 982 0 862 462 127 681 21 164 896 154 259 0
449 0 427 821 51 326 843 0 792 0 661 0 466 717 29 846 0 265 746 672 173 670 930 851 781 686 0 404 129 0 717 789 19 175 599 82 708 564 284 393 673 163 109 534 104 94 640 564 306 0 633 831 52 992 0 181 329 855 185 0 859 473 0 326 467 942 246 23 0 261 654 76 969 0 868 425 781 301 290 999 0 481 763 0 237 618 0 59 0 688 862 462 127 0 21 164 896 0 259 245
449 187 427 821 51 326 843 0 792 962 661 0 466 717 29 0 747 265 746 672 173 670 0 851 0 686 592 404 129 820 717 789 19 175 599 82 708 564 284 0 673 0 109 534 104 94 640 564 0 267 633 831 52 992 23 181 329 855 185 796 859 473 649 326 467 942 246 23 967 261 654 76 969 919 868 425 0 301 290 999 987 481 763 329 0 618 341 59 982 688 862 462 127 681 0 164 896 154 259 0
449 187 427 821 51 326 0 41 792 962 0 10 466 0 29 846 747 0 746 672 173 670 930 0 0 686 592 404 0 0 0 789 19 175 599 82 708 564 0 393 673 163 109 0 104 94 640 564 306 267 633 0 52 992 23 181 329 0 185 796 0 473 649 326 467 0 246 23 967 261 654 76 969 919 0 425 781 301 0 999 987 481 763 329 237 618 341 59 982 0 862 462 127 681 21 164 896 154 259 245
0 0 427 821 51 326 843 41 792 962 0 10 466 0 29 846 747 265 746 672 173 670 930 851 781 686 592 404 129 820 0 0 19 175 599 82 708 564 284 393 673 0 109 0 104 0 640 564 306 267 633 831 52 992 23 181 329 855 0 796 859 473 649 326 0 942 246 23 967 261 654 76 969 919 0 425 781 301 0 999 0 481 763 329 237 618 341 59 982 688 862 462 127 681 21 164 896 154 259 245
449 187 427 821 51 326 0 41 792 962 661 0 466 717 29 846 747 265 746 672 173 670 930 851 0 686 0 404 129 820 717 789 19 175 599 82 708 564 284 393 673 0 109 534 104 0 640 564 306 0 633 831 52 992 0 181 329 855 185 796 859 473 649 326 467 942 0 23 967 261 654 0 0 0 868 425 781 301 0 999 987 481 763 0 0 618 341 59 0 688 0 462 127 0 21 164 896 154 259 245
449 187 427 821 0 326 843 0 792 962 661 10 466 0 29 846 747 265 746 672 173 670 930 0 781 686 592 404 129 820 717 789 19 175 599 82 708 564 284 393 0 0 0 534 104 94 640 0 0 267 633 831 52 992 23 181 329 855 0 796 859 473 649 0 467 942 246 23 967 0 654 76 969 0 868 425 781 301 290 999 987 0 763 329 237 618 341 59 982 0 862 462 127 681 21 164 896 154 259 245
0 187 427 821 51 326 0 41 0 962 661 10 466 717 29 846 747 265 746 672 173 670 930 851 781 686 592 404 129 820 717 789 19 175 599 0 708 564 284 393 673 163 109 534 104 94 640 564 306 267 633 831 52 0 23 181 329 855 185 796 859 473 649 0 467 942 246 23 0 261 654 0 969 919 0 425 781 301 290 999 0 481 0 329 237 618 0 59 982 688 862 462 127 681 0 164 896 154 259 245
449 187 427 0 51 326 843 41 0 962 661 10 466 717 29 846 747 265 746 672 173 670 930 0 781 0 592 404 129 820 717 789 19 175 599 82 708 564 284 393 673 163 109 534 104 94 640 564 306 267 633 0 52 992 23 181 329 855 185 0 0 473 0 326 467 942 246 23 967 0 654 76 969 919 868 425 0 301 290 0 987 481 763 329 237 618 0 59 982 688 862 462 127 681 21 164 896 154 259 0
449 187 427 821 51 326 843 41 792 962 661 10 0 717 29 846 747 265 0 672 173 670 930 851 781 686 0 404 129 820 717 0 19 175 599 0 708 564 284 393 0 163 0 0 104 94 0 564 306 267 633 831 52 992 23 0 329 0 185 796 859 473 649 326 467 942 246 23 0 261 654 0 969 919 868 425 781 301 290 999 987 0 0 329 237 618 0 59 982 688 862 462 0 0 21 164 896 0 259 245
449 187 427 821 0 326 843 0 792 0 661 10 0 717 29 846 747 265 746 672 173 670 930 851 781 0 592 404 129 820 717 789 19 175 599 82 708 564 284 393 673 0 109 534 104 0 640 564 306 267 633 831 52 992 23 181 329 855 185 796 859 473 649 326 467 942 246 23 967 261 654 76 969 919 868 425 0 301 290 999 987 481 763 329 237 618 341 59 0 688 862 462 0 0 21 164 896 154 259 245
449 187 427 0 51 326 843 0 792 962 661 10 466 717 0 846 0 265 746 672 173 670 930 851 0 686 0 404 129 820 0 789 19 175 599 82 708 564 284 393 673 0 109 534 0 0 640 564 0 267 633 831 52 992 23 181 329 855 0 796 859 473 649 326 467 0 246 23 967 261 654 76 969 919 868 0 781 301 290 999 987 0 763 329 237 618 341 59 982 688 862 462 127 0 0 164 896 154 259 245
449 187 427 821 51 326 843 41 792 962 0 10 466 717 29 846 0 0 746 672 173 670 930 0 781 686 592 404 129 820 0 789 19 175 599 82 708 564 284 0 0 163 109 534 104 0 640 564 306 267 633 831 52 992 23 181 329 855 185 796 859 473 0 326 0 942 246 23 967 261 0 76 969 919 0 425 781 301 290 999 987 481 0 329 237 618 341 59 982 688 862 462 127 681 21 164 896 154 259 245
449 187 427 821 0 326 843 0 0 962 661 10 466 0 29 0 747 265 746 0 173 670 930 851 781 0 0 404 129 820 717 789 0 0 599 82 708 564 284 0 673 163 109 0 104 94 640 564 306 267 633 831 52 992 23 181 329 855 185 796 859 473 649 326 467 942 246 23 967 261 0 0 969 919 0 425 781 0 290 999 0 481 763 329 237 618 341 59 982 688 0 0 127 681 21 164 896 0 0 245
449 187 427 821 51 326 843 41 792 962 661 10 466 717 29 846 0 265 746 672 173 0 930 0 781 686 592 404 129 0 717 789 19 0 0 82 708 564 284 393 673 163 109 534 104 94 640 564 306 267 633 831 52 992 23 181 329 855 185 796 859 473 649 0 467 942 246 23 967 261 0 76 0 919 868 425 781 301 290 999 987 481 763 0 237 618 341 59 982 688 862 462 127 681 21 164 896 154 259 245
449 187 0 0 51 326 0 0 0 962 0 10 466 717 29 846 747 0 746 672 173 670 930 851 781 686 592 0 129 820 717 789 19 175 599 82 0 564 284 0 673 163 109 534 104 94 640 564 306 267 633 831 52 0 23 181 329 855 185 796 859 0 649 326 467 942 0 0 967 261 654 76 969 919 868 425 781 0 290 999 0 481 763 329 237 618 341 59 982 688 0 462 127 681 21 164 896 154 259 245
449 187 427 821 51 326 843 41 792 962 661 0 466 717 29 846 0 265 746 672 173 0 930 851 781 0 592 404 129 820 717 789 19 0 0 82 708 564 284 393 673 0 0 534 104 94 640 564 306 267 633 831 52 992 23 0 329 855 185 796 859 473 649 326 467 942 246 0 0 0 654 76 969 919 0 425 781 301 0 999 987 481 763 0 237 618 341 59 982 0 862 462 127 681 21 164 896 154 259 245
0 187 427 821 51 326 843 41 792 962 661 10 0 717 29 846 747 265 746 672 173 670 930 851 781 0 592 404 129 820 717 789 19 175 599 82 708 564 284 0 0 163 109 534 104 94 640 564 306 267 633 831 0 0 23 181 329 855 185 796 0 473 649 326 0 942 246 23 0 261 654 76 969 0 868 425 781 301 290 999 987 481 763 329 0 0 0 59 982 688 862 0 127 681 0 164 896 154 259 245
449 187 427 821 51 326 843 0 792 962 661 10 466 717 29 0 747 265 0 672 173 670 930 851 781 0 592 0 129 820 717 789 19 175 599 82 708 0 284 393 0 163 0 534 104 94 640 564 306 267 0 831 52 992 23 181 329 855 185 0 859 473 649 326 467 942 246 23 967 261 654 76 969 919 868 425 781 0 290 999 987 481 763 329 237 618 341 59 982 688 862 462 127 681 21 0 896 154 259 0
449 187 427 821 51 326 843 41 792 962 661 10 466 717 0 846 747 265 746 672 173 670 930 851 0 686 592 404 129 820 717 789 19 175 599 0 708 564 284 393 673 163 0 534 104 94 640 0 306 267 633 831 52 992 23 181 329 855 0 796 859 473 649 326 467 942 246 23 967 261 654 0 969 919 868 0 781 301 290 999 0 0 763 329 237 618 341 59 982 688 862 462 127 681 21 164 0 154 259 0
449 187 427 821 51 326 843 41 0 962 0 0 466 717 29 846 747 265 0 672 173 670 0 851 781 686 592 404 129 820 717 789 19 175 599 82 0 564 284 393 673 163 109 0 0 94 640 564 306 267 633 831 52 992 23 181 0 855 185 796 859 473 649 326 467 942 246 23 967 261 654 76 969 919 868 425 781 301 290 999 987 481 763 329 237 0 341 59 982 0 0 462 127 681 21 164 896 154 259 245
449 187 427 821 51 326 843 41 792 962 661 10 466 717 0 846 0 265 746 672 173 670 0 851 781 686 592 404 129 820 0 789 19 175 0 82 0 564 284 393 673 163 109 534 104 94 640 564 0 267 633 0 52 992 23 181 329 855 0 0 859 473 649 326 467 942 0 23 967 261 654 76 969 919 868 425 0 0 290 999 987 481 763 0 237 618 341 59 0 688 862 462 127 681 21 164 896 154 259 245
449 187 427 821 51 326 843 41 792 0 661 10 466 717 29 846 747 265 746 672 173 670 930 851 781 0 0 404 129 820 717 789 19 175 599 82 708 0 284 393 673 163 109 534 104 94 640 564 306 267 633 831 52 992 23 181 329 0 0 796 859 473 0 326 467 942 0 23 967 0 654 76 969 919 868 425 781 0 290 999 987 481 763 0 0 618 341 59 0 0 862 0 127 681 21 0 896 154 259 245
449 0 427 821 51 326 0 41 792 0 661 10 466 717 29 846 747 265 746 672 173 670 930 851 781 686 592 404 129 820 717 789 19 0 599 82 708 564 0 393 673 163 109 534 0 94 640 564 306 267 633 0 52 992 23 181 329 855 185 796 859 473 649 326 467 942 246 23 967 261 654 76 969 0 868 425 0 301 290 0 987 0 763 0 237 0 341 59 982 688 0 0 127 681 21 0 896 154 259 245
449 187 427 821 51 326 843 41 792 0 661 10 466 0 29 0 0 265 746 672 173 0 930 851 781 686 592 404 129 820 717 789 19 0 599 82 708 564 284 393 673 163 109 534 0 94 640 564 0 267 633 831 0 992 23 181 329 855 0 796 859 473 0 326 0 942 246 23 967 0 0 76 969 919 0 425 781 0 290 999 987 481 763 0 0 618 341 59 982 688 862 462 127 681 21 164 896 154 0 245
0 0 0 821 51 326 843 41 792 962 661 10 466 717 29 846 747 265 746 672 173 670 930 851 781 686 592 404 0 820 0 789 19 175 0 82 708 564 284 393 673 163 109 534 104 0 640 564 306 267 633 831 52 992 23 181 329 0 185 0 859 473 649 326 467 942 246 23 967 261 654 76 969 919 0 425 781 301 0 999 987 481 763 0 237 618 341 59 982 688 0 462 127 681 0 164 896 0 259 245
449 187 427 821 51 326 843 41 792 962 661 10 0 717 29 0 747 265 746 672 0 0 930 851 781 686 592 0 129 820 717 0 19 175 599 82 708 564 284 0 673 163 109 534 104 94 0 564 306 267 633 831 52 992 23 181 329 0 185 796 859 473 0 326 467 942 246 23 967 261 654 76 0 919 0 425 781 301 290 999 0 481 763 329 237 618 341 59 982 688 862 462 127 681 21 164 896 154 0 0
0 187 427 0 51 326 0 41 0 0 661 10 466 717 29 846 747 265 746 672 173 0 0 0 781 686 592 0 0 820 717 0 19 0 0 82 708 564 284 393 673 163 0 534 104 94 640 564 306 267 633 0 52 992 23 181 329 855 185 796 859 473 649 326 467 942 246 23 967 261 0 76 969 919 868 425 0 301 290 999 987 481 763 329 237 618 341 59 982 688 0 462 127 681 21 0 896 154 259 245
449 187 427 821 51 326 843 41 792 962 661 10 466 717 29 846 747 265 746 672 173 670 930 851 781 686 592 404 129 820 0 789 19 175 0 82 708 564 284 0 673 163 109 534 104 94 640 564 306 267 0 831 52 992 23 0 329 855 185 796 859 473 649 326 0 942 246 23 967 261 654 76 969 919 0 425 781 301 290 999 987 481 0 329 237 0 341 0 982 688 862 0 0 0 21 164 896 154 0 0
449 187 0 821 51 326 843 41 792 0 661 10 466 717 0 846 747 265 746 672 0 670 930 851 781 686 0 404 129 0 717 789 19 175 599 82 708 564 284 393 673 163 0 534 104 94 640 564 306 267 633 831 52 992 23 181 329 855 185 796 0 473 0 326 467 942 0 23 0 261 654 76 0 919 868 425 781 301 290 999 987 481 763 329 0 618 341 59 982 688 0 462 127 681 0 164 0 0 0 0
449 187 427 821 51 326 843 41 0 962 661 0 466 0 0 846 747 265 746 672 173 670 930 851 781 0 592 404 129 820 717 789 19 175 599 82 708 0 284 393 673 163 109 534 104 94 640 564 0 267 0 831 0 992 23 181 329 855 185 796 859 473 649 326 0 942 246 23 967 261 654 76 969 919 868 425 781 301 290 999 987 481 763 329 237 618 341 59 982 688 862 462 127 0 21 164 896 154 259 245
449 187 427 821 51 326 843 41 792 962 661 0 466 717 29 846 747 265 746 672 173 670 930 851 0 686 0 0 129 820 717 789 19 175 599 82 708 564 284 393 673 163 109 534 104 94 640 564 306 267 633 831 52 0 23 181 329 855 185 796 859 473 649 326 467 0 246 23 967 261 654 76 969 919 868 425 781 301 290 0 0 0 763 0 237 618 341 59 982 0 0 462 127 681 21 164 896 154 259 245
449 187 427 821 0 326 843 0 0 962 661 10 466 717 0 846 747 265 746 672 173 670 0 851 781 0 592 404 129 820 717 789 0 175 0 82 708 0 284 393 673 163 109 534 104 94 640 564 0 267 633 831 52 992 23 181 0 855 185 796 0 473 0 326 467 0 246 0 967 261 654 76 969 919 868 425 781 301 290 999 987 481 763 329 237 618 0 59 982 688 862 462 0 681 21 164 896 0 259 245
449 187 427 0 0 326 843 41 792 962 661 10 466 717 0 846 747 265 0 672 173 0 930 851 781 686 592 404 129 0 717 789 19 175 599 82 708 564 0 393 673 163 109 534 104 94 640 564 306 0 633 831 52 992 23 181 329 855 185 0 859 473 649 326 467 942 246 23 967 0 654 76 969 0 0 0 781 301 290 999 987 481 763 329 237 0 0 59 982 688 0 462 127 681 0 164 896 154 259 245
449 0 427 821 51 326 0 41 792 962 661 10 466 717 29 846 0 265 746 672 173 0 930 851 781 0 592 404 0 820 717 789 19 175 599 82 708 564 0 393 0 163 109 534 104 94 640 564 306 267 633 831 52 992 23 181 329 855 185 796 859 473 649 326 467 0 246 23 967 261 654 76 969 919 0 425 781 301 290 999 987 0 0 329 237 618 341 59 982 688 862 462 127 681 21 164 896 154 259 245
449 187 427 821 51 326 843 0 792 962 661 10 466 717 29 846 0 265 0 672 173 670 930 851 781 686 592 404 129 820 717 789 19 175 599 82 708 564 0 0 673 163 109 534 104 94 640 564 0 267 633 831 52 992 0 181 329 855 185 796 859 473 649 326 467 942 246 23 967 261 654 76 969 919 868 425 781 301 290 999 987 481 763 329 237 618 341 59 0 688 862 462 127 681 0 164 896 154 259 245
449 187 427 821 51 326 843 41 792 962 661 10 0 717 29 0 747 265 746 672 173 0 930 851 781 686 592 404 129 820 717 789 19 175 599 82 708 564 284 393 673 163 109 534 104 94 640 564 306 267 633 831 52 992 23 181 329 855 185 0 859 473 649 326 467 942 246 23 967 261 654 76 969 919 0 425 0 0 290 999 0 481 763 329 237 618 0 59 982 0 862 462 127 681 21 164 896 154 259 245
449 187 0 821 51 0 843 41 792 962 661 10 466 0 29 846 747 0 746 672 173 670 930 851 781 686 592 404 129 820 717 789 19 175 0 82 708 564 284 393 0 163 109 534 104 94 640 0 306 267 633 831 52 992 23 181 0 855 0 796 859 473 649 0 0 942 246 23 0 0 654 76 969 919 868 425 781 301 290 999 987 481 0 0 237 0 341 59 982 688 862 462 127 681 21 164 896 0 259 245
0 187 427 821 51 326 843 0 792 962 661 10 0 717 29 846 747 0 746 672 173 670 930 851 781 686 592 0 129 820 717 789 0 175 599 82 708 564 284 393 673 163 109 534 104 94 640 0 306 0 633 0 52 0 23 181 329 855 185 796 859 473 0 326 467 942 246 23 967 261 654 76 969 919 868 425 781 301 290 0 987 481 763 329 0 618 341 59 982 688 862 462 127 681 21 164 896 154 259 245
449 187 427 821 0 0 843 41 0 962 661 0 466 717 29 846 747 265 746 672 173 670 930 0 781 686 0 404 129 820 0 789 19 175 599 82 708 0 284 0 673 163 109 534 104 94 0 564 306 267 633 831 52 992 23 181 329 0 185 796 859 473 649 326 467 942 246 0 967 261 654 76 969 919 868 425 0 301 290 0 987 481 763 329 237 618 341 59 982 688 0 462 127 681 0 164 896 0 259 245
449 187 427 821 51 326 843 41 792 0 661 10 0 717 29 0 747 265 746 672 0 670 930 851 781 686 592 404 129 820 717 789 0 175 0 82 708 564 284 0 0 163 0 0 104 94 640 564 306 267 633 0 0 992 23 181 329 855 185 796 859 473 649 0 467 942 246 23 967 261 654 76 969 919 868 425 781 301 290 999 987 481 0 329 237 618 0 59 982 688 0 462 127 681 0 164 896 154 259 245
449 187 427 821 51 326 843 41 792 962 661 10 466 717 29 846 747 265 746 672 173 670 930 851 781 686 592 404 129 820 717 789 19 175 0 82 708 564 0 393 673 163 0 534 104 94 640 0 306 267 633 831 52 992 23 181 329 855 185 796 0 473 649 326 467 942 246 23 967 0 654 76 0 919 868 425 0 301 290 999 987 481 763 0 237 618 341 59 982 688 862 462 127 681 21 164 896 154 259 245
449 187 427 0 51 326 843 41 792 962 661 10 466 717 0 846 747 265 0 672 173 670 930 0 781 686 592 404 129 820 717 789 19 175 599 0 708 564 284 0 673 0 109 534 104 94 640 564 306 267 633 831 52 992 23 181 329 855 185 796 859 0 649 326 467 0 0 23 967 261 654 76 0 919 868 0 781 301 290 999 0 481 763 329 237 618 341 59 982 688 862 0 127 681 21 0 896 154 0 245
449 187 427 821 51 326 843 41 0 0 661 10 466 717 29 846 747 0 0 672 173 670 930 851 781 686 592 404 129 820 717 789 19 175 599 82 708 564 284 393 673 163 109 534 104 0 640 564 306 0 633 831 0 992 23 181 329 855 185 796 859 473 649 326 467 942 246 23 967 261 654 76 969 919 868 425 781 301 290 999 987 0 763 329 237 0 341 59 982 0 862 462 0 681 21 164 896 0 259 0
449 187 427 821 51 326 843 41 792 962 661 10 466 717 29 846 747 0 0 672 173 670 930 0 781 686 592 404 129 820 717 789 19 175 599 82 0 0 284 393 673 163 109 534 0 0 640 0 306 267 633 831 52 992 23 0 329 855 185 796 859 473 649 326 467 942 246 23 967 261 654 76 969 0 0 425 781 301 290 999 987 481 763 329 237 0 341 59 982 0 862 462 127 0 21 164 0 154 259 245
6.55, 20.13, 49.21, 0.62, 40.76, 23.99, 70.46, 0.84, 10.29, 11.86, 44.04, 4.62, 13.82, 3.26, 1.74, 16.54, 7.64, 28.4, 0.1, 13.63, 6.62, 0.25, 44.67, 27.49, 13.9, 6.27, 6.94, 16.75, 12.43, 19.64, 15.49, 55.71, 32.01, 31.28, 1.41, 1.48, 4.81, 4.82, 24.36, 0.15, 31.1, 18.68, 9.24, 0.32, 34.86, 35.75, 6.08, 36.5, 2.02, 33.99, 6.5, 6.6, 6.31, 27.78, 6.93, 11.75, 1.48, 7.77, 19.8, 51.71, 21.31, 7.97, 19.46, 1.91, 46.64, 66.61, 9.76, 34.73, 17.64, 9.36, 10.2, 28.1, 4.19, 0.68, 41.11, 8.69, 10.69, 0.16, 48.28, 27.59, 75.29, 3.42, 3.82, 26.52, 14.51, 26.52, 66.12, 14.62, 30.65, 20.85, 32.73, 71.35, 11.24, 24.85, 8.14, 14.88, 8.97, 18.1, 23.57, 46.86,
21.89, 12.08, 0.28, 11.64, 14.44, 8.06, 4.78, 12.09, 28.85, 0.19, 1.88, 21.05, 12.26, 9.67, 18.22, 6.19, 6.89, 6.02, 11.2, 5.83, 8.4, 7, 0.94, 8.76, 13.32, 5.91, 3.12, 14.67, 13.55, 6.11, 0.4, 14.16, 13.83, 1.14, 6.63, 1.28, 72.43, 9.82, 17.21, 2.5, 5.11, 1.47, 9.96, 17.14, 1.07, 11.55, 16.72, 3.27, 1.14, 7.69, 13.63, 9.28, 8.21, 9.36, 3.12, 8.92, 7.3, 17.96, 5.52, 0.53, 1.18, 9.92, 13.75, 7.59, 13.84, 0.86, 3.39, 0.8, 23.35, 1.84, 8.54, 8.62, 33.39, 4.72, 2.03, 10.85, 17.2, 1.79, 31.08, 24.89, 3.87, 2.83, 10.75, 3.75, 1.7, 2.4, 10.55, 1.82, 18.95, 17.44, 1.68, 6.05, 5.16, 0.69, 14.11, 16.9, 2.95, 0.29, 4.7, 0.96,
7.0,7.0,7.0,7.0,7.0,8.0,8.0,8.0,8.0,8.0,9.0,9.0,9.0,9.0,9.0,10.0,10.0,10.0,10.0,10.0,11.0,11.0,11.0,11.0,11.0,12.0,12.0,12.0,12.0,12.0,13.0,13.0,13.0,13.0,13.0,14.0,14.0,14.0,14.0,14.0