100
0 0 0 666 768 0 0 966 50 154 697 728 0 0 642 0 0 679 0 155 302 0 28 0 0 0 0 0 0 0 0 425 964 0 0 171 204 0 838 0 0 0 495 0 221 0 0 712 841 931 0 271 0 868 0 0 0 0 0 0 0 139 0 677 0 472 811 0 0 0 0 356 0 0 0 0 0 0 0 327 965 0 0 370 303 459 823 233 403 972 125 0 704 592 0 0 990 0 0 0
913 606 0 0 0 522 0 966 50 154 0 728 109 465 0 0 990 679 0 155 0 95 0 0 743 960 416 523 0 0 354 0 0 681 719 171 204 877 0 0 0 0 495 522 221 763 25 712 0 0 662 0 0 0 0 850 0 0 931 0 0 139 151 677 0 0 0 962 516 704 182 356 51 0 0 0 388 0 0 327 965 697 162 0 303 459 0 233 0 0 125 0 704 0 0 0 990 746 0 0
0 606 401 0 0 522 395 0 0 154 697 728 0 0 642 0 0 0 316 155 302 95 0 0 0 0 416 0 68 0 0 0 964 681 719 0 0 877 838 721 0 0 0 0 221 763 0 712 841 0 662 271 0 0 26 0 0 0 931 0 379 0 151 677 0 0 0 0 516 0 182 356 51 153 100 0 388 635 707 327 0 697 162 370 0 459 0 0 403 972 125 631 704 592 997 0 990 746 437 154
0 0 0 0 768 0 395 0 0 154 697 728 109 465 642 398 990 0 316 155 302 95 28 0 0 960 0 523 68 630 0 0 0 681 0 0 204 877 838 721 282 0 495 522 221 763 0 0 841 931 662 0 219 868 26 850 524 436 931 165 379 0 151 677 563 472 0 962 0 704 0 356 0 153 0 0 388 635 0 327 0 697 162 370 303 0 823 233 403 0 0 0 0 0 997 46 0 0 0 0
0 0 401 666 768 0 395 966 0 154 0 728 0 0 642 398 990 679 316 0 0 0 0 311 743 960 0 523 0 0 354 425 964 681 719 171 0 0 838 721 0 211 495 522 0 0 0 0 841 0 662 0 219 0 26 850 0 0 0 165 379 139 0 0 563 0 0 0 0 704 0 356 0 153 0 0 0 0 0 0 965 697 0 0 303 0 0 0 0 972 0 0 0 0 997 0 990 746 0 0
913 0 0 0 768 0 395 0 0 154 0 728 0 465 0 0 0 0 0 0 0 0 0 311 743 0 416 523 0 630 354 0 0 681 0 171 204 0 838 721 0 211 495 0 0 763 25 0 0 931 662 0 219 0 0 0 524 0 931 165 0 0 151 0 0 472 0 962 516 704 182 356 51 0 100 281 388 635 0 327 0 0 162 370 0 459 0 233 0 0 125 631 0 592 997 0 0 746 437 154
913 606 401 666 768 0 0 966 50 154 697 0 0 0 0 0 0 679 0 0 302 95 0 0 743 960 0 0 0 630 354 0 0 0 0 171 204 877 0 721 282 0 0 0 221 763 25 0 0 0 0 0 0 0 26 850 524 436 931 0 0 139 151 0 563 472 811 0 0 704 0 0 0 153 0 281 388 635 707 0 965 0 162 0 0 0 0 233 0 0 0 0 704 592 0 0 0 0 437 154
913 0 0 666 768 522 0 966 0 154 0 0 109 465 642 0 990 679 316 155 0 95 28 311 0 0 416 0 0 0 354 425 964 681 0 0 204 0 0 721 282 0 495 0 221 0 0 712 0 931 0 0 219 868 26 850 0 436 931 165 379 0 0 677 0 472 811 962 516 704 0 356 0 0 100 281 388 0 0 327 965 697 0 0 303 459 0 233 403 0 125 631 704 0 997 46 990 0 437 154
913 606 0 666 0 0 395 966 50 0 0 0 0 465 0 398 0 0 316 0 302 0 0 311 0 960 416 523 0 0 0 0 964 681 0 0 204 0 838 721 0 211 0 522 221 0 25 712 0 0 662 0 0 868 0 0 0 436 931 165 0 139 151 677 0 472 811 0 516 704 182 356 51 0 100 0 388 0 0 0 965 0 162 370 0 0 823 0 0 0 125 631 0 592 0 46 0 0 437 154
0 0 0 666 768 522 395 0 0 154 0 728 109 465 642 398 990 679 0 0 302 95 0 311 0 960 0 0 0 0 0 425 0 681 0 0 0 0 0 721 282 0 495 0 221 0 0 0 0 0 662 271 219 868 0 0 0 436 0 165 379 0 0 0 0 472 0 0 516 704 182 356 0 153 0 281 388 0 0 0 965 0 162 370 303 459 823 0 0 0 0 631 704 592 0 0 0 0 437 0
0 606 0 666 768 522 395 966 50 154 697 0 0 0 642 398 0 0 0 155 0 95 28 0 0 0 0 523 68 0 0 425 964 681 0 171 0 0 838 721 282 0 495 522 221 763 0 0 841 0 662 271 219 0 0 0 0 0 0 0 0 0 151 677 0 472 811 0 0 704 0 0 0 153 0 0 388 635 707 327 0 697 162 0 303 459 0 0 0 972 125 0 0 0 0 46 0 0 0 0
0 0 0 666 0 0 395 966 0 154 0 0 109 465 0 0 0 0 316 0 302 95 28 311 0 960 0 0 68 630 354 0 964 681 719 171 204 0 838 721 282 0 0 522 0 763 0 0 841 0 0 0 0 868 26 0 524 0 0 0 0 0 151 677 0 0 811 0 516 0 182 0 51 153 100 281 388 635 0 0 965 0 162 0 303 459 823 233 403 0 125 631 704 592 0 0 990 0 437 154
0 606 0 666 768 0 395 966 50 154 697 728 109 0 0 398 990 0 316 155 0 95 28 0 0 0 416 523 68 0 0 425 964 681 719 171 0 0 838 0 282 211 495 522 221 0 25 0 0 931 662 271 0 0 26 850 524 436 931 0 0 0 151 677 0 472 0 0 0 704 0 0 51 153 100 281 0 0 707 327 0 0 0 370 303 459 0 233 403 972 125 631 704 0 0 0 0 0 0 0
0 0 401 0 768 522 0 0 0 154 0 0 109 0 0 0 990 679 0 155 302 95 0 0 743 0 416 0 0 630 0 425 0 681 719 171 0 877 0 0 282 0 495 522 221 0 0 0 841 0 662 0 219 868 0 0 524 0 931 165 379 0 151 677 563 0 0 962 516 0 0 356 51 0 100 281 388 635 707 327 0 0 0 0 0 0 0 0 403 972 0 631 704 0 997 0 990 0 437 154
913 606 401 666 768 522 0 966 0 0 0 728 109 0 0 398 990 679 316 0 0 0 28 0 0 0 0 523 0 0 354 425 964 681 0 0 204 877 838 721 0 211 495 522 221 763 25 712 0 0 662 0 219 868 0 850 0 436 931 0 0 139 151 0 0 0 0 0 0 704 0 0 51 0 0 281 0 0 0 327 965 0 0 0 303 0 823 233 0 972 0 631 704 0 0 0 0 0 437 0
0 0 401 666 768 522 0 966 0 154 697 0 109 465 642 0 990 0 316 155 302 0 0 0 0 0 416 523 0 0 0 0 0 681 719 0 204 0 838 721 0 0 0 0 0 763 25 712 841 0 0 0 0 868 26 0 0 0 931 0 0 139 151 0 0 472 811 0 0 704 182 356 0 0 0 281 388 0 707 327 965 697 162 370 303 459 0 0 403 0 125 0 704 592 0 46 990 746 437 0
0 606 401 666 768 522 0 966 50 154 697 728 109 0 0 0 990 679 316 0 0 95 0 311 0 0 416 0 0 0 0 425 964 0 0 171 204 877 0 0 282 0 495 0 221 763 25 712 0 0 0 0 0 0 0 850 0 0 0 0 379 0 0 677 0 0 811 0 516 704 182 356 51 153 100 0 0 635 707 327 0 0 162 370 0 459 823 233 403 0 125 631 0 592 0 46 990 746 437 0
0 0 0 666 768 0 0 0 0 0 697 728 0 465 0 0 990 679 0 0 0 95 28 311 743 960 0 0 0 0 354 0 0 681 0 0 0 877 0 0 282 0 0 0 221 0 25 712 841 0 662 0 219 868 26 0 524 0 931 0 0 0 151 677 0 472 811 0 516 0 182 0 0 0 0 0 388 635 0 0 0 697 162 370 303 459 823 0 0 0 0 631 704 0 997 0 0 0 0 154
913 606 0 0 768 522 0 0 0 154 697 728 109 0 0 0 990 679 316 0 302 0 28 311 0 0 416 0 0 630 354 0 0 681 719 171 204 877 0 721 282 211 495 522 0 763 0 712 0 931 662 0 219 868 26 0 0 0 931 165 0 139 151 677 0 0 811 962 0 0 0 0 51 153 0 281 0 635 707 327 965 0 0 0 0 0 823 233 403 972 0 631 0 0 997 46 0 746 0 154
913 606 401 666 0 0 395 0 0 0 697 728 109 465 0 398 990 679 316 0 0 0 28 0 743 0 416 0 68 630 0 0 0 0 0 0 204 0 838 721 282 211 0 0 0 0 0 0 0 0 662 0 0 0 26 850 524 0 0 165 0 0 0 0 563 472 811 0 0 704 0 356 0 0 100 0 388 0 707 0 0 697 0 0 303 0 0 233 403 972 125 631 704 592 997 0 990 0 437 0
913 0 401 0 0 0 395 966 0 154 697 0 0 465 642 398 0 0 0 155 0 0 28 0 743 0 416 523 0 630 354 0 0 681 0 0 0 0 838 721 0 0 0 0 0 0 25 712 0 931 662 271 0 0 0 0 524 0 931 0 0 139 0 0 563 472 811 0 516 704 182 356 51 153 100 0 388 635 707 0 0 0 0 0 0 0 823 233 403 972 125 0 0 592 0 46 990 0 437 154
913 0 0 0 0 522 395 966 50 154 697 0 0 0 0 398 990 0 316 155 302 0 0 311 743 0 416 523 0 0 0 0 964 0 719 171 204 0 0 721 282 211 0 522 0 0 0 0 841 931 0 0 0 868 26 0 0 0 931 0 0 0 0 0 0 0 811 0 0 0 182 356 0 0 100 0 388 0 0 327 965 697 162 0 303 459 823 0 403 0 0 0 704 592 997 46 0 746 0 154
0 606 0 666 768 522 0 0 0 0 0 0 0 0 0 0 0 679 316 0 0 0 0 0 743 0 416 0 0 0 354 425 0 681 719 0 204 0 0 0 0 0 495 522 221 0 25 712 0 0 0 271 0 868 0 0 0 436 0 0 379 139 151 677 563 0 0 962 0 0 0 356 51 153 0 0 388 0 707 327 965 0 162 370 0 459 0 0 0 972 125 631 0 0 997 0 990 746 0 0
913 0 401 0 0 0 0 966 50 154 0 0 109 0 642 0 0 679 0 0 302 0 28 311 743 0 0 523 68 0 0 425 0 681 719 0 204 0 838 0 0 0 0 0 0 763 0 712 0 931 662 0 219 0 26 0 524 436 931 0 379 139 0 677 0 0 0 962 516 0 182 356 51 0 0 281 388 0 0 0 965 0 162 370 0 0 823 0 0 972 0 0 704 592 997 0 0 0 437 154
0 0 401 0 768 0 395 0 50 154 0 728 109 465 642 398 0 679 316 155 302 95 0 311 0 0 0 0 68 0 354 0 0 681 719 171 0 0 838 0 282 211 495 0 0 0 25 0 0 931 662 0 219 868 0 850 0 0 931 0 0 0 151 677 563 0 0 962 0 704 0 356 0 0 100 0 0 0 0 0 965 0 162 0 0 0 0 0 0 972 125 0 0 0 997 46 990 0 0 0
0 0 401 0 0 522 0 966 0 154 0 728 109 465 0 0 0 0 0 155 0 95 0 311 743 960 416 0 68 0 0 425 0 681 719 171 204 877 838 0 0 211 495 0 221 0 25 0 841 0 662 0 0 0 0 0 0 0 0 0 379 0 0 677 563 0 811 962 516 704 182 356 0 153 0 281 0 0 0 327 0 697 0 370 0 0 823 0 0 0 125 631 0 592 0 46 0 0 437 154
0 606 401 666 0 0 0 966 0 154 0 728 0 465 0 0 0 679 316 155 302 0 0 0 0 960 0 0 0 630 354 425 0 681 0 0 0 0 838 721 282 211 0 522 0 763 0 0 841 0 0 0 219 868 26 0 524 0 0 0 0 139 0 0 0 0 811 962 516 0 182 356 51 0 100 281 0 0 0 327 965 697 0 370 303 459 0 233 403 0 0 631 0 592 997 46 990 0 437 0
0 0 401 0 768 522 395 0 50 154 0 0 0 0 642 0 0 0 316 0 0 0 0 311 0 960 0 523 0 630 354 0 964 681 719 0 0 0 0 721 0 0 495 522 221 0 25 0 0 931 0 0 0 0 0 0 0 436 0 0 0 139 151 677 563 0 0 962 0 0 182 356 0 0 0 0 388 0 0 0 965 697 0 0 0 459 823 0 403 972 125 0 0 592 0 46 990 0 437 0
913 606 0 0 768 0 395 0 50 154 697 0 109 465 0 398 0 679 316 0 302 95 0 0 743 0 0 0 68 630 354 0 964 681 0 171 0 0 0 0 0 0 0 0 221 0 25 712 0 0 662 0 219 868 0 850 524 0 931 165 379 139 151 0 0 472 811 962 516 704 0 0 51 153 0 281 388 635 707 327 0 0 162 0 303 0 0 0 0 0 0 631 704 592 997 46 0 0 437 0
913 606 0 666 768 522 395 0 50 154 697 0 109 0 642 398 0 679 316 0 302 0 28 311 0 960 416 0 68 630 0 0 964 681 719 171 204 877 838 721 282 0 495 0 221 763 25 712 841 931 0 0 219 0 0 850 524 436 931 0 379 139 0 677 0 472 0 962 516 704 0 356 51 153 0 281 0 0 707 327 0 697 0 370 0 0 823 0 403 972 0 631 0 592 0 0 990 746 437 154
913 606 0 666 0 522 0 966 0 0 697 0 0 465 0 0 0 0 0 0 302 95 0 311 0 0 0 523 0 630 354 0 964 681 0 171 0 877 838 0 0 211 495 0 221 763 25 0 0 931 0 0 0 0 26 0 0 0 931 165 379 139 0 0 0 472 811 0 516 0 182 0 51 0 100 281 388 0 707 327 0 697 0 370 0 0 0 0 0 972 125 631 704 0 0 46 0 746 0 0
0 606 0 666 0 522 395 0 0 154 697 0 0 0 0 398 990 0 316 0 302 0 28 0 743 960 0 0 68 630 354 425 964 681 719 171 0 877 838 721 282 211 495 0 0 763 25 712 0 931 662 271 219 0 0 0 0 436 0 0 379 0 0 0 563 472 811 0 516 0 0 0 51 153 100 281 0 635 707 0 0 0 162 0 303 0 0 233 403 972 125 0 704 0 997 0 0 0 0 0
913 0 401 0 768 0 0 966 0 0 0 728 0 465 642 398 0 679 316 155 302 95 28 0 743 960 416 523 0 0 0 0 0 0 0 171 0 877 838 0 282 211 0 0 0 0 25 712 841 931 0 271 0 0 26 850 524 0 0 165 0 0 0 677 0 472 811 962 0 0 0 356 0 153 0 0 0 635 707 0 0 697 162 0 0 459 823 0 403 972 125 631 0 592 0 46 990 0 0 0
0 606 401 666 768 0 0 0 0 154 0 0 109 465 642 398 0 679 0 0 0 0 28 0 743 960 416 523 0 630 0 0 964 681 0 0 0 0 838 721 282 0 0 0 0 763 25 0 0 0 662 271 0 0 0 850 524 436 0 165 379 0 0 0 0 0 811 0 516 704 0 0 51 153 0 0 388 635 707 327 965 697 0 0 303 0 0 0 0 972 0 0 704 0 997 46 0 746 0 0
913 0 401 666 0 522 0 0 50 154 0 0 0 465 642 398 990 0 316 0 0 95 28 311 0 0 0 0 68 630 354 0 0 681 719 171 204 877 838 721 0 211 495 0 0 763 0 0 841 0 0 271 0 868 0 850 524 0 0 0 379 0 0 677 563 0 811 0 516 704 182 0 0 0 100 281 0 0 0 327 965 697 162 370 0 0 0 0 0 0 125 0 704 0 997 0 990 0 0 154
913 606 401 666 768 522 395 966 0 0 0 0 0 0 642 0 0 0 316 0 302 0 0 311 743 960 416 523 68 630 0 0 0 0 719 171 0 877 838 721 282 211 0 0 221 0 25 0 841 931 662 0 0 868 0 0 524 0 0 0 0 139 0 0 563 0 0 0 0 0 0 0 0 0 100 281 388 0 0 327 0 0 162 370 303 459 823 0 0 972 0 0 0 0 997 46 0 0 437 154
0 0 401 666 768 522 0 966 0 0 0 728 109 0 0 0 0 0 316 0 0 0 0 311 0 0 0 523 0 0 0 0 0 0 719 171 0 877 838 721 282 211 495 0 0 0 25 0 0 0 0 0 0 868 0 0 0 0 931 165 379 0 151 0 0 472 0 962 516 0 182 356 0 0 100 281 388 0 0 327 965 0 0 370 303 459 0 233 403 0 0 631 0 0 0 0 990 746 437 154
0 0 0 666 0 0 395 0 0 154 0 728 109 0 0 0 990 0 0 0 0 95 28 311 743 0 0 0 0 630 354 0 0 0 719 0 0 877 838 721 0 211 495 522 0 763 25 0 841 0 0 271 0 0 26 850 0 0 0 165 0 139 151 0 563 472 0 0 516 704 0 356 51 153 100 0 388 0 707 327 965 697 0 0 0 0 0 0 403 0 125 631 0 0 997 0 0 0 437 154
0 606 401 666 0 522 0 0 0 0 697 728 0 0 0 0 0 0 316 155 302 0 28 311 0 0 416 0 0 0 0 0 0 0 719 0 0 877 838 721 282 211 495 522 0 0 0 712 841 0 0 0 219 868 0 0 524 436 931 0 379 139 0 677 0 472 0 962 516 704 182 0 0 0 100 0 388 0 0 0 965 697 162 0 303 0 0 233 0 972 0 0 0 0 0 0 990 746 437 0
913 0 401 0 768 522 0 0 50 154 0 0 0 0 0 398 0 0 316 0 302 95 28 0 0 960 0 523 0 0 354 425 0 681 0 0 204 877 0 721 282 0 0 0 221 0 0 712 841 931 662 0 0 0 26 850 524 436 0 0 0 0 151 677 0 0 0 962 0 0 0 0 0 153 100 281 388 0 0 0 965 697 162 0 303 0 823 233 403 972 0 631 704 0 0 46 0 0 437 0
0 0 0 666 768 522 395 0 50 154 697 728 109 465 0 398 0 0 0 155 0 0 0 0 0 960 0 523 0 630 354 0 0 0 719 171 204 877 838 721 0 211 495 0 0 0 25 0 841 0 0 0 219 0 0 850 524 0 0 165 379 139 0 0 0 472 811 0 516 0 0 0 0 0 100 0 0 0 0 0 0 697 162 0 303 0 823 233 403 0 0 0 704 592 997 0 0 746 437 154
0 606 0 666 768 522 395 0 50 0 697 728 109 0 0 0 990 0 0 0 0 95 28 0 743 960 416 0 0 630 0 425 964 0 0 171 0 0 0 0 0 211 495 522 221 763 25 0 841 0 662 271 219 868 26 850 524 436 0 165 379 0 151 0 0 472 0 962 0 704 0 0 51 153 100 0 388 0 707 327 0 697 162 0 0 459 823 0 0 972 125 631 0 0 0 0 0 0 437 154
0 0 401 666 0 522 395 966 0 154 0 0 109 465 642 398 990 0 0 0 302 95 0 0 0 960 0 0 68 630 354 425 0 681 0 0 0 877 838 721 282 211 0 0 221 0 25 0 841 931 662 0 0 0 26 850 524 0 931 165 379 139 151 0 0 472 0 962 516 0 0 356 51 153 100 0 0 0 707 0 0 0 0 370 0 459 823 0 403 972 125 631 704 592 0 46 990 0 0 154
913 606 401 666 0 522 0 0 0 154 697 0 109 465 642 398 990 679 0 0 0 95 28 0 0 0 0 0 0 630 354 0 964 681 0 0 204 877 838 0 0 0 495 0 221 763 0 712 841 931 662 0 219 868 0 850 524 436 0 0 379 139 151 0 0 472 0 0 0 0 182 356 51 153 100 0 388 0 707 327 0 0 0 0 0 459 823 233 403 972 125 631 0 0 997 46 990 0 437 0
913 606 401 666 0 0 395 966 0 154 697 728 109 0 0 0 0 0 316 155 302 0 0 311 0 0 416 0 0 630 354 0 964 681 719 171 204 0 838 721 0 0 0 0 221 0 0 712 0 931 662 271 219 0 0 0 0 436 931 0 0 0 0 677 563 0 811 0 516 704 182 0 0 0 100 281 0 635 707 0 0 0 0 370 303 0 0 0 403 972 125 0 0 0 997 0 0 746 437 154
913 606 401 0 0 0 0 0 0 0 697 728 0 0 642 398 990 0 316 155 302 0 0 311 0 0 0 0 0 0 0 425 0 681 719 0 0 0 838 721 282 0 0 0 221 763 25 712 841 931 662 0 219 868 26 0 524 436 0 165 0 139 0 0 0 472 811 0 0 0 0 0 0 0 100 281 0 635 0 0 965 697 162 0 303 0 0 233 403 0 125 0 704 0 997 0 0 746 0 0
0 606 0 666 0 0 395 0 0 0 0 728 0 0 642 398 0 0 0 155 0 95 28 0 743 0 416 523 0 630 354 425 964 681 719 0 204 0 838 0 0 211 0 522 221 763 25 0 841 931 662 0 0 868 26 850 524 0 0 0 0 139 151 677 563 472 0 962 0 0 0 0 51 153 100 0 0 635 707 0 965 0 0 370 303 0 823 233 403 0 0 0 704 592 0 46 990 746 0 154
0 606 401 0 768 522 395 966 0 0 0 728 109 465 0 398 990 0 316 155 302 95 0 311 743 960 416 523 0 0 354 0 0 0 0 171 0 877 0 0 282 211 495 0 0 763 0 0 841 931 662 271 0 0 26 0 0 0 0 165 0 139 151 0 0 472 811 0 516 0 0 0 0 153 0 0 388 635 0 0 0 0 162 370 0 459 0 0 0 0 0 0 0 592 0 0 0 0 437 154
913 0 0 0 0 522 395 0 50 154 0 728 109 465 0 0 990 679 316 155 0 0 0 0 743 960 0 0 68 0 0 425 964 0 0 0 204 877 0 721 0 0 495 522 0 0 25 0 841 931 0 0 219 868 0 0 0 436 0 0 0 139 0 0 563 472 0 0 0 0 182 356 51 0 100 0 388 635 707 0 965 697 0 0 0 0 823 233 403 972 125 0 0 0 997 0 990 0 437 154
913 0 401 0 0 522 395 0 0 0 0 728 109 0 0 0 990 0 316 0 0 95 28 311 0 960 416 523 0 0 0 425 964 681 0 171 204 0 838 0 0 0 495 0 221 0 25 712 841 0 0 271 0 0 0 850 524 436 931 165 379 139 151 0 563 472 0 0 0 704 0 356 51 0 100 281 0 635 0 0 965 0 0 0 303 0 0 0 0 972 125 0 704 592 997 46 0 746 0 0
913 606 0 0 768 522 0 0 50 0 0 0 109 0 642 398 990 0 316 155 302 0 0 311 743 0 416 0 0 0 354 0 0 0 719 0 204 0 0 721 0 0 495 0 0 0 25 0 0 0 662 271 0 868 0 850 524 0 931 0 0 139 151 0 563 472 0 962 516 0 0 356 0 0 100 0 388 635 707 327 965 697 0 0 0 459 0 0 0 0 125 631 704 0 997 0 990 0 437 154
913 606 0 666 768 0 395 966 0 154 0 728 0 465 0 0 990 679 0 0 0 0 28 311 0 960 416 0 0 0 354 0 964 0 719 0 204 0 0 721 0 0 0 0 221 0 25 0 841 931 662 271 0 868 0 0 524 436 931 165 379 139 0 0 0 0 811 962 0 704 182 0 0 153 0 281 0 635 707 327 0 0 0 370 0 0 0 0 403 972 125 631 0 0 0 46 990 746 437 0
0 606 401 0 768 522 395 966 0 154 0 728 0 0 0 398 990 679 316 155 302 0 28 0 0 0 416 523 68 630 0 425 964 0 0 171 0 877 0 0 282 0 495 522 221 763 0 0 841 0 0 271 219 868 26 850 524 436 0 165 0 139 151 677 0 472 811 962 0 0 0 0 0 0 100 0 388 0 707 327 965 0 0 0 303 0 0 233 0 972 0 631 704 592 0 46 0 0 0 0
913 606 401 0 768 522 395 0 0 154 0 728 0 465 0 398 0 679 0 155 0 0 0 0 0 0 416 523 68 630 0 0 0 681 0 171 0 0 0 0 0 211 495 0 221 0 25 0 0 931 0 0 219 868 26 850 524 0 931 0 379 0 0 0 563 0 0 0 516 704 0 0 51 153 0 281 0 635 0 327 0 697 162 0 303 459 823 233 403 0 125 631 0 0 997 0 990 0 0 0
913 0 0 666 768 0 395 0 0 0 0 728 0 0 642 0 0 0 316 155 302 95 28 0 743 960 0 523 0 0 0 425 964 0 0 0 0 0 0 721 0 0 0 522 0 763 0 0 0 0 662 0 0 0 0 0 0 0 931 0 379 0 151 0 0 472 811 0 516 0 0 356 0 0 0 281 388 635 0 0 0 697 162 0 303 0 823 0 403 972 125 0 0 592 0 0 990 0 437 0
0 0 0 666 0 522 395 0 50 0 0 0 0 0 0 0 0 0 0 155 0 0 0 311 0 960 0 0 68 630 354 0 0 681 719 171 0 877 0 721 282 0 495 0 0 763 25 0 841 931 662 0 0 868 26 850 0 436 931 0 0 139 151 0 563 472 0 0 0 704 0 0 0 153 100 0 0 635 0 327 965 697 162 370 303 0 0 233 0 0 0 631 704 0 997 46 0 746 437 0
913 606 0 666 0 522 395 966 0 154 0 728 0 465 642 398 990 0 0 0 302 95 28 311 0 0 0 0 0 0 354 0 964 0 0 0 0 877 838 0 0 211 0 0 221 0 0 0 0 0 0 271 219 868 0 0 0 436 931 0 379 139 151 677 563 472 0 0 516 0 0 356 0 0 100 281 388 635 707 0 965 697 162 370 0 459 0 0 0 0 125 631 0 0 0 0 0 746 0 0
913 606 401 666 768 0 395 966 0 154 697 728 109 465 0 398 0 679 0 0 0 95 0 0 0 0 416 0 68 0 354 0 964 681 0 0 0 0 838 721 0 211 495 522 221 763 25 0 0 931 0 271 0 0 26 0 0 0 931 0 0 139 151 0 0 472 0 0 0 704 0 0 0 0 100 0 388 0 707 0 0 697 162 0 0 0 0 233 0 0 125 0 704 592 997 46 990 0 437 0
0 606 401 0 0 0 0 0 50 154 697 728 0 0 642 398 990 679 316 0 0 95 28 311 743 960 416 523 0 0 0 0 0 681 0 171 204 0 838 0 0 211 0 0 0 763 25 712 841 0 0 0 0 868 26 0 524 436 0 0 379 139 151 677 0 472 811 962 0 704 182 0 0 0 100 0 388 0 0 327 0 0 0 0 0 459 0 0 0 0 125 631 0 0 997 46 990 746 0 0
913 0 0 0 0 522 395 966 0 0 0 0 0 0 0 0 0 679 316 155 302 95 0 311 0 960 416 0 0 0 354 425 0 681 719 171 204 877 838 721 282 211 0 522 0 0 25 712 841 0 0 0 0 868 0 0 0 436 931 165 379 139 151 677 563 0 811 0 516 704 182 0 0 0 100 281 388 0 707 327 0 0 0 370 0 459 0 233 0 972 0 631 0 0 997 0 990 0 0 0
913 606 0 666 768 0 395 966 0 154 0 0 109 465 642 398 0 679 316 155 302 95 28 311 743 0 416 0 0 0 0 425 0 681 0 171 204 0 838 721 0 0 0 522 0 763 25 0 841 931 0 0 0 868 26 850 524 436 0 165 0 0 151 677 563 0 0 0 0 0 0 0 0 153 0 281 0 0 0 327 965 697 162 370 303 0 823 233 403 0 0 0 0 592 0 46 0 0 437 154
913 606 401 0 768 0 0 966 0 0 0 0 109 0 0 398 0 679 0 0 0 0 0 311 743 0 0 0 68 630 0 0 964 0 0 171 204 877 0 0 282 211 495 0 0 763 0 0 841 0 0 0 0 0 26 850 524 436 931 0 379 0 0 677 563 0 811 0 0 704 182 356 51 0 0 0 0 635 707 327 0 0 0 370 303 0 0 233 403 972 0 631 0 0 0 46 0 0 0 0
0 606 401 0 0 0 395 966 0 154 697 0 0 465 0 398 990 0 316 0 302 0 28 311 0 0 0 0 68 630 0 0 964 681 719 0 0 0 0 721 0 0 0 0 0 763 25 0 0 931 0 0 219 868 0 850 0 436 0 165 0 139 0 677 563 472 0 962 516 0 0 0 51 153 0 281 388 635 0 327 965 0 0 370 303 459 0 0 403 0 125 0 0 0 997 0 0 746 437 0
0 0 0 0 0 0 395 0 50 0 0 0 0 465 0 398 990 679 316 0 0 95 0 0 0 960 0 0 0 0 0 0 964 0 719 0 0 877 838 0 0 211 0 522 0 763 0 712 0 931 0 0 0 0 26 850 524 0 931 0 0 139 151 677 563 472 0 0 0 704 0 356 51 0 100 0 388 0 707 0 0 0 162 370 0 459 0 233 0 972 0 0 704 0 0 0 990 0 437 0
0 606 401 0 768 0 0 966 0 0 0 728 109 465 642 398 0 679 0 155 0 0 0 0 743 960 416 523 0 630 0 0 964 681 719 0 0 877 838 0 0 211 495 0 221 763 0 0 841 931 662 0 219 868 26 850 0 436 931 165 379 139 151 0 563 472 811 962 516 0 0 0 51 153 0 281 388 635 707 0 0 697 162 0 0 459 823 0 0 972 125 0 704 592 0 46 990 746 0 154
913 606 0 666 768 0 0 0 50 0 697 728 109 465 642 398 0 0 0 0 0 95 0 0 0 960 416 523 0 0 0 425 0 681 0 0 204 0 838 721 0 211 0 0 221 763 0 712 841 0 662 271 219 0 26 0 524 436 931 165 0 139 151 677 563 472 0 962 0 704 0 0 51 0 0 281 0 635 707 0 965 697 0 0 303 459 823 233 0 0 125 631 704 0 997 0 990 746 437 0
913 0 401 666 768 522 395 0 50 154 0 0 0 465 642 0 0 0 316 0 302 95 28 0 0 0 416 0 68 0 354 425 0 681 719 0 204 0 838 721 282 211 0 522 221 0 25 0 0 931 0 271 219 0 26 0 0 0 931 0 379 139 151 677 0 472 811 0 516 0 0 0 51 153 100 0 0 635 0 0 965 697 0 0 0 459 0 233 0 972 0 631 0 0 997 46 0 746 0 154
913 606 401 666 0 0 0 966 50 0 697 728 0 465 642 398 990 0 0 155 0 0 0 0 0 960 416 0 68 630 0 425 964 0 0 171 0 877 0 0 0 0 0 0 0 0 25 0 0 931 662 271 0 0 0 850 524 436 931 165 0 139 0 0 563 472 811 0 516 0 0 0 0 153 100 0 0 635 0 0 0 697 0 370 303 0 0 0 0 0 0 631 704 0 997 46 990 746 437 0
913 606 401 0 768 522 395 0 50 0 0 728 0 0 642 398 990 0 0 155 302 0 0 0 743 960 416 523 0 630 0 0 0 681 719 171 204 0 0 0 282 211 495 0 0 763 0 712 841 931 0 271 219 0 26 0 524 436 931 165 0 0 0 0 563 0 0 962 516 704 0 356 0 153 0 281 388 0 0 327 965 0 0 370 303 459 0 233 403 972 125 631 704 592 997 46 0 0 0 0
0 606 401 666 768 522 395 966 50 0 0 0 109 465 642 398 0 0 316 155 302 0 0 0 0 960 0 0 68 0 354 425 0 0 719 171 204 877 838 721 0 211 495 522 0 763 0 0 0 0 0 0 219 0 0 0 0 0 931 165 0 0 0 677 0 0 811 0 516 0 0 0 0 153 0 0 388 0 0 327 0 0 162 0 303 0 0 233 0 0 0 0 704 592 0 46 990 0 437 0
0 606 0 666 0 522 395 966 0 0 697 0 0 0 0 398 0 0 0 155 302 0 28 0 743 960 0 523 0 0 0 0 0 0 719 0 0 877 0 0 0 211 495 522 0 763 0 0 0 931 662 271 219 0 0 0 0 436 0 0 0 139 0 677 563 472 0 0 0 0 182 0 51 153 100 281 0 0 0 327 0 697 0 370 0 459 0 0 403 972 0 0 0 0 997 46 990 0 437 0
0 606 401 666 0 522 395 966 50 154 0 728 0 0 0 398 990 0 0 155 0 95 0 311 743 960 0 0 0 0 354 425 964 681 719 0 204 877 838 721 0 0 0 522 221 0 25 0 841 931 0 271 0 0 26 850 0 0 0 0 379 0 0 0 0 472 0 0 0 0 0 0 0 0 0 0 0 635 0 327 965 697 162 370 0 459 823 0 403 972 0 0 704 0 0 46 0 0 0 0
913 606 401 666 768 522 395 966 0 154 697 728 0 465 0 398 0 679 0 155 0 0 28 0 0 960 416 523 68 630 354 425 0 681 0 171 0 0 838 0 282 0 0 522 0 0 0 0 841 0 662 0 219 868 0 0 524 0 931 165 0 0 0 677 563 472 0 962 0 0 182 356 0 153 0 0 0 635 707 0 0 0 162 370 0 0 0 0 403 0 0 0 704 0 997 46 990 0 0 0
0 606 0 0 0 522 0 966 0 154 697 0 0 0 0 0 990 0 316 155 302 0 0 311 743 0 0 523 0 630 0 425 964 681 0 171 204 877 0 0 282 0 495 522 0 0 0 712 841 0 0 0 219 868 26 0 524 0 0 0 379 139 151 677 0 0 0 962 516 704 0 0 0 153 100 0 388 0 707 0 965 697 162 0 303 459 823 0 0 0 0 631 704 0 997 0 990 746 437 154
0 0 401 0 0 0 395 966 50 0 697 0 0 465 642 0 0 0 0 155 302 0 0 0 0 960 0 523 0 0 354 425 0 681 719 0 204 0 838 0 282 211 0 0 221 0 25 712 0 931 662 0 0 0 0 0 0 0 0 165 379 139 0 677 563 0 811 962 0 0 0 0 0 153 0 281 388 0 707 327 0 697 162 370 0 459 823 0 403 972 0 0 704 592 997 0 990 746 437 154
913 606 0 0 768 522 0 0 50 0 0 0 0 0 0 0 990 679 0 0 0 95 0 0 743 960 416 523 68 630 0 0 0 681 719 171 204 0 838 721 282 211 495 522 221 0 0 712 841 0 0 0 219 0 26 850 524 0 0 0 379 0 151 677 0 0 0 0 0 0 182 356 0 153 100 281 388 635 0 327 965 0 0 0 0 0 0 233 0 0 0 0 0 592 997 46 0 746 437 154
913 0 0 0 768 0 0 966 0 154 697 0 0 465 642 398 0 0 0 155 302 0 0 0 743 0 0 0 0 630 0 425 0 0 719 0 204 0 838 0 282 211 495 522 0 0 25 712 0 0 0 0 219 868 26 0 0 436 931 165 0 139 151 677 0 0 0 962 516 0 0 0 51 153 100 0 0 0 707 0 965 0 0 370 303 459 0 0 0 0 0 0 0 592 997 46 0 0 437 154
0 0 401 0 768 522 0 966 50 0 0 728 109 0 0 398 0 679 0 0 302 0 0 311 743 0 0 523 0 630 354 425 964 0 0 171 204 877 838 721 0 0 495 522 0 0 0 0 0 931 662 271 219 868 0 0 0 0 0 165 379 139 151 677 563 0 811 0 0 704 0 0 0 0 0 0 388 635 707 0 965 697 162 370 303 0 0 0 0 0 0 0 704 592 997 46 990 0 0 0
913 0 401 0 768 0 395 966 0 154 0 0 0 465 0 398 990 679 316 0 0 95 28 0 743 0 416 0 68 630 354 0 0 681 0 0 204 877 0 0 282 0 495 522 0 0 25 0 841 0 0 0 0 0 0 850 524 0 931 0 0 0 0 677 563 0 811 962 0 0 182 356 0 153 100 281 0 635 707 0 965 697 162 0 303 459 0 0 0 0 125 0 704 592 0 46 0 0 437 0
0 606 401 666 0 0 395 966 50 0 0 0 0 0 642 398 990 0 0 0 302 0 28 0 0 960 0 0 68 630 0 425 0 681 0 171 204 877 838 0 282 0 495 522 0 0 25 0 841 0 662 271 0 0 26 0 524 0 0 165 379 139 0 0 0 0 0 0 0 704 0 0 0 0 100 0 388 0 707 0 965 0 162 0 303 0 823 0 403 972 125 631 704 592 997 0 0 746 0 154
913 0 401 666 768 522 0 0 0 154 697 728 109 465 0 398 990 679 316 0 302 0 0 311 0 0 0 0 68 0 0 425 0 681 719 0 0 877 0 0 282 211 0 0 221 763 25 712 841 0 662 271 0 0 0 850 524 0 0 165 379 0 151 677 0 472 811 962 0 704 0 0 0 0 0 0 0 0 0 0 0 697 0 0 0 459 0 233 403 972 125 631 704 0 997 0 0 746 437 0
913 606 401 666 768 0 0 0 0 154 0 0 0 0 0 398 0 0 316 155 0 95 0 0 0 960 0 523 68 630 0 0 964 0 0 0 204 0 838 0 282 0 0 0 221 0 25 0 0 931 0 271 219 868 26 850 0 436 931 165 0 139 151 677 563 472 811 962 0 0 0 0 51 0 100 281 388 635 0 0 965 0 162 370 303 459 823 233 403 0 125 0 0 0 997 46 990 746 0 154
0 606 401 0 768 0 395 0 50 0 0 0 0 465 0 0 0 679 0 155 0 0 0 0 0 0 416 523 0 630 0 0 964 0 0 171 0 877 0 721 0 211 0 0 221 763 0 0 0 0 0 271 219 868 26 850 524 0 0 0 0 139 0 677 0 0 0 0 0 0 182 356 51 153 100 281 388 635 0 327 965 697 162 0 303 459 823 233 403 0 0 631 704 0 0 46 990 746 437 0
0 606 0 0 0 0 0 0 0 154 0 0 0 465 642 0 990 679 0 0 0 95 28 0 743 960 416 0 0 630 0 0 0 681 0 171 204 877 838 0 0 0 495 0 0 0 0 712 841 0 662 0 219 0 0 0 0 0 931 0 379 139 151 677 0 472 0 962 516 704 182 0 51 153 0 281 0 635 707 0 965 697 0 0 303 459 0 0 403 0 125 0 704 592 0 46 990 0 0 0
0 0 0 666 0 0 395 0 50 154 0 728 0 465 0 398 0 0 316 155 0 95 28 0 0 0 0 0 0 0 354 425 964 0 719 171 204 877 838 0 0 211 0 0 0 0 0 712 841 0 662 0 0 868 0 850 0 0 0 0 379 0 0 0 0 472 0 962 516 0 182 0 51 153 100 0 388 635 707 327 965 0 0 0 0 0 823 0 0 972 125 0 0 592 0 0 990 746 437 154
0 0 0 666 0 522 0 966 50 154 0 728 109 465 642 0 990 0 316 0 302 0 0 0 0 0 416 0 0 0 354 425 964 681 0 0 0 877 0 0 0 211 495 0 221 0 0 0 0 0 662 271 219 0 0 0 524 436 0 165 0 139 151 677 563 0 811 962 0 0 0 0 51 153 0 281 0 0 707 327 0 0 0 370 0 0 823 0 0 972 125 631 0 0 997 46 0 746 0 154
913 0 401 0 0 522 0 0 0 154 0 0 0 465 642 0 0 0 316 155 0 0 0 0 743 960 416 0 0 630 0 425 0 0 719 171 0 0 0 721 0 0 495 522 0 0 0 712 841 931 662 271 0 868 0 850 0 436 0 0 0 139 151 0 563 472 811 0 0 704 0 356 0 153 100 281 0 635 0 327 0 0 162 0 303 459 823 0 0 0 0 631 0 0 997 46 990 746 0 0
913 0 0 666 0 0 0 0 0 154 697 728 109 0 0 398 990 0 316 0 302 95 0 0 0 960 416 0 68 630 354 425 964 0 719 171 0 0 838 0 282 211 495 0 0 0 0 712 841 0 662 0 0 0 26 850 0 0 0 165 379 139 0 0 0 0 0 962 516 704 182 356 51 153 100 0 0 0 707 327 965 697 0 370 303 0 0 233 403 972 0 0 704 592 997 0 990 0 0 154
913 606 0 666 768 522 0 966 0 0 0 0 0 465 0 398 0 679 316 0 0 0 28 311 743 960 416 523 68 630 354 425 0 681 0 171 0 0 838 0 282 211 495 522 0 763 25 0 841 0 662 271 219 868 0 0 524 0 931 165 0 139 0 0 0 0 811 962 516 704 182 0 51 0 100 0 388 0 707 0 965 0 0 370 303 459 823 0 403 972 0 631 704 592 997 46 0 746 0 154
913 606 401 666 0 0 0 966 0 0 0 728 109 465 642 0 0 0 316 0 0 0 28 311 743 0 416 0 68 0 0 425 0 681 719 171 0 0 0 0 282 211 495 522 0 0 25 0 0 0 662 0 0 868 26 850 0 436 0 0 379 139 151 677 0 0 0 962 0 0 182 0 51 153 0 0 388 635 707 327 965 0 0 0 303 459 823 233 0 972 125 631 0 0 0 0 990 0 0 0
913 0 0 666 768 0 395 0 50 154 0 0 109 465 642 0 0 0 0 155 0 95 28 311 743 960 0 0 0 630 354 425 964 0 0 171 204 877 0 721 0 211 0 522 0 0 25 712 841 0 662 271 219 868 0 850 524 436 931 0 0 0 151 677 0 0 0 0 0 0 0 0 51 0 100 281 388 0 707 0 0 697 0 0 0 0 0 233 403 0 0 0 704 0 997 46 0 746 437 0
913 606 401 666 0 0 395 966 0 0 0 0 0 465 642 398 0 0 0 0 0 0 28 311 743 960 0 0 0 0 354 425 0 0 0 171 0 0 0 0 0 0 0 0 221 763 0 712 841 931 662 0 219 868 0 0 0 436 931 0 379 139 151 677 0 472 0 962 0 0 182 0 0 0 0 0 0 0 707 327 0 697 162 370 303 459 823 0 403 0 125 631 704 0 0 0 990 0 437 0
0 606 0 666 768 522 0 966 50 0 0 0 0 465 0 398 990 679 0 155 302 0 0 311 0 960 0 0 0 630 0 0 964 681 0 0 0 877 0 0 0 0 0 0 0 0 0 0 0 0 662 271 219 868 0 850 524 436 0 165 379 0 151 0 563 472 0 962 516 704 182 356 0 153 100 281 0 0 0 0 965 697 0 0 0 0 823 233 0 0 125 631 704 0 0 46 990 0 0 154
913 0 401 0 768 522 0 0 50 154 697 728 109 0 0 0 990 0 316 155 0 95 28 0 743 0 416 523 68 630 354 0 0 681 719 171 0 877 838 0 282 211 495 522 0 763 0 0 841 931 662 271 219 868 26 850 524 0 0 165 379 139 151 0 563 0 811 0 516 0 0 0 51 153 100 0 0 0 0 0 0 0 0 0 0 459 0 0 0 0 125 631 704 592 0 0 0 746 437 0
913 606 0 666 0 522 395 0 50 154 0 0 0 465 0 0 990 0 0 0 302 0 28 311 0 0 416 0 68 0 354 425 0 681 719 0 204 0 0 0 0 211 495 522 0 763 25 712 841 0 662 0 0 868 0 850 0 0 0 0 0 139 0 0 563 472 811 962 0 704 182 0 0 153 100 0 388 0 707 327 965 697 0 370 0 459 823 0 403 972 0 631 0 0 997 46 0 746 0 154
913 606 401 0 0 0 395 0 0 154 0 0 109 0 0 398 990 679 316 0 0 95 0 311 0 960 416 0 68 0 0 0 964 681 0 0 204 877 0 0 282 0 495 522 221 0 0 712 841 0 0 0 219 868 26 850 524 436 931 0 0 0 151 677 0 472 811 0 0 0 182 356 0 153 100 0 0 635 0 327 0 697 0 370 303 0 0 0 0 0 125 631 0 592 997 46 990 0 0 154
0 0 401 0 0 522 395 0 0 154 0 0 0 0 642 398 990 679 0 0 302 95 0 311 0 0 0 0 68 630 354 0 0 681 719 0 204 877 838 0 0 211 495 0 0 0 25 712 0 931 0 0 0 868 0 0 0 0 0 0 0 139 0 677 563 472 0 962 0 704 182 0 0 0 100 0 0 635 0 327 0 0 0 0 303 459 0 233 403 972 125 631 704 0 997 0 0 0 0 154
913 606 401 666 768 522 395 966 50 0 0 0 109 465 0 0 990 0 0 0 302 95 0 311 743 960 416 0 68 630 354 0 0 681 0 0 0 877 838 721 282 0 495 0 221 0 25 0 0 931 0 271 219 0 0 0 524 0 0 165 379 0 151 677 563 472 0 962 0 0 182 356 0 0 0 0 388 635 0 327 0 0 162 0 303 459 823 0 403 972 125 631 704 0 0 46 0 0 0 154
0 0 0 0 768 522 0 966 0 154 697 728 109 0 642 398 990 679 0 155 0 0 0 311 0 0 416 523 68 0 0 425 0 681 719 0 204 877 838 721 0 211 0 522 0 0 0 0 841 931 662 271 219 868 26 0 0 436 0 0 379 139 0 0 0 472 811 962 0 0 0 0 0 0 100 281 388 635 707 0 965 697 0 370 303 0 0 233 403 972 0 0 0 592 0 46 0 0 0 154
0 606 401 0 0 522 395 966 0 0 0 0 0 465 642 0 0 679 316 0 302 0 28 0 0 960 416 0 68 630 354 425 964 0 719 0 0 0 838 721 282 0 495 522 221 0 0 712 841 0 662 0 0 868 26 0 0 436 0 165 379 0 0 677 563 0 811 0 0 704 182 0 0 0 100 0 388 0 0 0 965 0 0 0 0 0 0 233 403 972 0 0 0 592 997 46 0 746 0 0
1.54, 0.79, 3.94, 0.2, 1.34, 3.14, 1.39, 2.51, 0.63, 2.92, 0.63, 3.26, 1.08, 4.4, 1.06, 5.35, 0.49, 6.01, 0.1, 4.34, 0.67, 5.84, 5.88, 2.81, 1.16, 10.99, 1.34, 3.67, 4.43, 2.14, 0.65, 1.52, 1.24, 11.55, 4.25, 3.6, 0.99, 0.28, 9.84, 6.56, 2.21, 5.36, 2.02, 0.31, 1.08, 5.87, 0.89, 3.14, 1.5, 4.3, 0.59, 5.24, 0.21, 1.9, 5.77, 4.37, 4.32, 1.56, 0.11, 0.51, 3.46, 3.61, 12.49, 0.02, 0.01, 5.67, 1.8, 1.57, 0.17, 1.72, 4.94, 4.26, 4.75, 7.06, 4.75, 2.95, 8.97, 7.43, 1.74, 0.23, 1.9, 14.55, 1.86, 1.53, 0.87, 2.33, 3.21, 2.44, 3.71, 2.02, 2.24, 5.44, 0.34, 1.36, 9.13, 9.51, 0.08, 1.59, 2.23, 3.17,
7.67, 5.24, 12.08, 0.29, 0.51, 2.88, 2.86, 1.32, 24.78, 0.27, 9.13, 4.37, 2.55, 3.43, 1.71, 7.73, 14.21, 4.35, 5.37, 36.74, 7.66, 8.78, 13.5, 12.25, 10.62, 14.6, 13.61, 14.28, 0.29, 5.43, 19.71, 4.61, 2.36, 23.61, 11.17, 7.19, 5.72, 11.41, 5.35, 10.27, 3.82, 65.55, 7.69, 2.05, 10, 20.44, 12.4, 5.24, 24.78, 11.93, 0.82, 2.78, 9.7, 2.85, 8.86, 17.16, 5.13, 23.43, 9.52, 9.31, 9.34, 2.59, 14.21, 0.38, 0.9, 0.9, 2.55, 2.69, 8.84, 8.4, 14.93, 14.73, 23.06, 13.83, 3.45, 2.17, 4.24, 0.38, 2.91, 5.85, 5.21, 1.96, 40.9, 16.88, 6.23, 13.09, 15.74, 11.32, 13.3, 13.98, 0.04, 10.08, 2.73, 10.84, 10.14, 0.61, 4.37, 14.28, 2.36, 16.88,
7.0,7.0,7.0,7.0,7.0,8.0,8.0,8.0,8.0,8.0,9.0,9.0,9.0,9.0,9.0,10.0,10.0,10.0,10.0,10.0,11.0,11.0,11.0,11.0,11.0,12.0,12.0,12.0,12.0,12.0,13.0,13.0,13.0,13.0,13.0,14.0,14.0,14.0,14.0,14.0